2 0.7638020833333333 0.33240740740740743 0.6497395833333334 0.33240740740740743 0.6497395833333334 0.48564814814814816 0.7638020833333333 0.48564814814814816
2 0.884375 0.3560185185185185 0.7888020833333333 0.3560185185185185 0.7888020833333333 0.5527777777777778 0.884375 0.5527777777777778
3 0.7546875 0.7574074074074074 0.484375 0.7574074074074074 0.484375 0.9981481481481481 0.7546875 0.9981481481481481
3 0.7638020833333333 0.5745370370370371 0.6325520833333333 0.5745370370370371 0.6325520833333333 0.7388888888888889 0.7638020833333333 0.7388888888888889
3 0.25555338541666667 0.479775462962963 0.43380078125000004 0.479775462962963 0.43380078125000004 0.5941134259259259 0.25555338541666667 0.5941134259259259
3 0.2555520833333334 0.5440416666666668 0.444921875 0.5440416666666668 0.444921875 0.6633472222222222 0.2555520833333334 0.6633472222222222
3 0.32451692708333335 0.5823541666666666 0.5853528645833334 0.5823541666666666 0.5853528645833334 0.7207106481481481 0.32451692708333335 0.7207106481481481
3 0.3717903645833333 0.6478564814814814 0.6152460937500001 0.6478564814814814 0.6152460937500001 0.8809305555555556 0.3717903645833333 0.8809305555555556
3 0.43449479166666666 0.4661828703703703 0.4980364583333333 0.4661828703703703 0.4980364583333333 0.5525763888888889 0.43449479166666666 0.5525763888888889
3 0.45465625 0.5069675925925927 0.567 0.5069675925925927 0.567 0.5832361111111111 0.45465625 0.5832361111111111
0 0.014322916666666666 0.42592592592592593 0.17317708333333334 0.42592592592592593 0.17317708333333334 0.6967592592592593 0.014322916666666666 0.6967592592592593