1 0.3433333333333334 0.16828824626865668 0.5260416666666666 0.16828824626865668 0.5260416666666666 0.3617117537313433 0.3433333333333334 0.3617117537313433
1 0.5208333333333334 0.12723414179104478 0.7191666666666667 0.12723414179104478 0.7191666666666667 0.2616837686567164 0.5208333333333334 0.2616837686567164
1 0.4941666666666667 0.24478078358208952 0.8052083333333333 0.24478078358208952 0.8052083333333333 0.5378871268656716 0.4941666666666667 0.5378871268656716
1 0.8083333333333333 0.25037779850746267 0.9400000000000001 0.25037779850746267 0.9400000000000001 0.8290251865671641 0.8083333333333333 0.8290251865671641
3 0.43645833333333334 0.43134328358208956 0.5791666666666667 0.43134328358208956 0.5791666666666667 0.49608208955223887 0.43645833333333334 0.49608208955223887
3 0.54375 0.3958955223880597 0.5766666666666665 0.3958955223880597 0.5766666666666665 0.4453171641791045 0.54375 0.4453171641791045
3 0.2891666666666667 0.37723880597014925 0.4427083333333333 0.37723880597014925 0.4427083333333333 0.49011194029850746 0.2891666666666667 0.49011194029850746
1 0.27291666666666664 0.4537313432835821 0.6341666666666667 0.4537313432835821 0.6341666666666667 1 0.27291666666666664 1
3 0.09166666666666666 0.6738805970149254 0.3875 0.6738805970149254 0.3875 1 0.09166666666666666 1
3 0.09250000000000001 0.5992490671641791 0.20104166666666667 0.5992490671641791 0.20104166666666667 0.7573554104477612 0.09250000000000001 0.7573554104477612
3 0 0.8679104477611941 0.07916666666666666 0.8679104477611941 0.07916666666666666 1 0 1
3 0 0.8119356343283582 0.025 0.8119356343283582 0.025 0.884258395522388 0 0.884258395522388