2 0.87084375 0.3784398148148148 1 0.3784398148148148 1 0.5481064814814814 0.87084375 0.5481064814814814
1 0.7978346354166667 0.3987708333333333 0.9614830729166666 0.3987708333333333 0.9614830729166666 0.641349537037037 0.7978346354166667 0.641349537037037
3 0.6834817708333334 0.6442893518518519 0.9301484375 0.6442893518518519 0.9301484375 0.8119236111111111 0.6834817708333334 0.8119236111111111
3 0.6181471354166667 0.6067569444444444 0.7018372395833333 0.6067569444444444 0.7018372395833333 0.7107152777777778 0.6181471354166667 0.7107152777777778
3 0.35010286458333334 0.6083217592592592 0.61838671875 0.6083217592592592 0.61838671875 0.923363425925926 0.35010286458333334 0.923363425925926
3 0.2976640625 0.5786064814814814 0.5541744791666666 0.5786064814814814 0.5541744791666666 0.7698472222222221 0.2976640625 0.7698472222222221
3 0.26504557291666664 0.5144907407407407 0.49787630208333333 0.5144907407407407 0.49787630208333333 0.6811481481481482 0.26504557291666664 0.6811481481481482
3 0.24074348958333333 0.43160879629629634 0.4248658854166667 0.43160879629629634 0.4248658854166667 0.5970023148148148 0.24074348958333333 0.5970023148148148
0 0.026098958333333342 0.42367824074074073 0.19094270833333335 0.42367824074074073 0.19094270833333335 0.7154143518518519 0.026098958333333342 0.7154143518518519
3 0.48558854166666665 0.4898842592592592 0.5747552083333333 0.4898842592592592 0.5747552083333333 0.5816990740740741 0.48558854166666665 0.5816990740740741
3 0.4452643229166666 0.4649884259259259 0.4872096354166667 0.4649884259259259 0.4872096354166667 0.5295671296296295 0.4452643229166666 0.5295671296296295
3 0.56008203125 0.5356851851851852 0.6985429687499999 0.5356851851851852 0.6985429687499999 0.6287592592592592 0.56008203125 0.6287592592592592