1 0.7572916666666667 0.2966417910447761 0.51875 0.2966417910447761 0.51875 0.7294776119402985 0.7421875 0.7294776119402985 0.7432291666666667 0.707089552238806 0.7572916666666667 0.7061567164179104
3 0.5244791666666667 0.43097014925373134 0.34375 0.43097014925373134 0.34375 0.6007462686567164 0.5244791666666667 0.6007462686567164
1 0.9984375 0.20615671641791045 0.8510416666666667 0.20615671641791045 0.8510416666666667 0.628731343283582 0.9984375 0.628731343283582
1 0.5432291666666667 0.17164179104477612 0.35572916666666665 0.17164179104477612 0.35572916666666665 0.3358208955223881 0.5432291666666667 0.3358208955223881
3 0.5302083333333333 0.300741604477612 0.5908333333333334 0.300741604477612 0.5908333333333334 0.4035121268656716 0.5302083333333333 0.4035121268656716
3 0.2891666666666667 0.38096548507462685 0.45 0.38096548507462685 0.45 0.5274300373134329 0.2891666666666667 0.5274300373134329
3 0.19583333333333333 0.5395522388059703 0.3733333333333333 0.5395522388059703 0.3733333333333333 0.6886753731343284 0.19583333333333333 0.6886753731343284
3 0.09499999999999999 0.5806016791044776 0.20416666666666666 0.5806016791044776 0.20416666666666666 0.723017723880597 0.09499999999999999 0.723017723880597
3 0.08541666666666667 0.6832089552238807 0.38 0.6832089552238807 0.38 1 0.08541666666666667 1
1 0.1733333333333333 0.43694029850746274 0.728125 0.43694029850746274 0.728125 1 0.1733333333333333 1
3 0 0.8735074626865672 0.08020833333333334 0.8735074626865672 0.08020833333333334 1 0 1
3 0 0.7876865671641791 0.027083333333333334 0.7876865671641791 0.027083333333333334 0.8648507462686568 0 0.8648507462686568