2 0.6506002604166666 0.33131620370370374 0.6506002604166666 0.4735037037037037 0.7631002604166667 0.4735037037037037 0.7631002604166667 0.33131620370370374
1 0.22224739583333333 0.4218587962962963 0.4491276041666667 0.4218587962962963 0.4491276041666667 0.7118912037037036 0.22224739583333333 0.7118912037037036
1 0.13617057291666665 0.3687268518518519 0.24070963541666668 0.3687268518518519 0.24070963541666668 0.4822824074074074 0.13617057291666665 0.4822824074074074
1 0.17794531249999998 0.392025462962963 0.3629453125 0.392025462962963 0.3629453125 0.4807708333333333 0.17794531249999998 0.4807708333333333
1 0.28647395833333333 0.3292291666666667 0.471234375 0.3292291666666667 0.471234375 0.4039837962962963 0.28647395833333333 0.4039837962962963
3 0.28635026041666667 0.5738148148148148 0.58005078125 0.5738148148148148 0.58005078125 0.7471296296296296 0.28635026041666667 0.7471296296296296
3 0.45336328124999997 0.45917129629629627 0.5076783854166667 0.45917129629629627 0.5076783854166667 0.5266990740740741 0.45336328124999997 0.5266990740740741
3 0.47402734375000005 0.5067083333333333 0.5730716145833334 0.5067083333333333 0.5730716145833334 0.5919027777777778 0.47402734375000005 0.5919027777777778
3 0.5585013020833334 0.5283194444444445 0.6671809895833333 0.5283194444444445 0.6671809895833333 0.6186157407407408 0.5585013020833334 0.6186157407407408
3 0.6569505208333334 0.5888171296296295 0.7515703125000001 0.5888171296296295 0.7515703125000001 0.7348865740740741 0.6569505208333334 0.7348865740740741
3 0.32988802083333335 0.6283032407407406 0.6550807291666667 0.6283032407407406 0.6550807291666667 0.8868449074074074 0.32988802083333335 0.8868449074074074