3 0.2666614583333334 0.5216087962962963 0.48483854166666673 0.5216087962962963 0.48483854166666673 0.6669004629629629 0.2666614583333334 0.6669004629629629
3 0.44261067708333335 0.4507083333333333 0.46059765625000004 0.4507083333333333 0.46059765625000004 0.5233842592592592 0.44261067708333335 0.5233842592592592
3 0.46372265625 0.4632199074074073 0.5128658854166667 0.4632199074074073 0.5128658854166667 0.5500856481481481 0.46372265625 0.5500856481481481
3 0.51005078125 0.47434259259259254 0.6057356770833333 0.47434259259259254 0.6057356770833333 0.5856851851851852 0.51005078125 0.5856851851851852
1 0.5788346354166667 0.39873148148148146 0.7671393229166666 0.39873148148148146 0.7671393229166666 0.554537037037037 0.5788346354166667 0.554537037037037
1 0.40779296875000004 0.31084953703703705 0.5562122395833333 0.31084953703703705 0.5562122395833333 0.4204652777777778 0.40779296875000004 0.4204652777777778
3 0.6295078125000001 0.586949074074074 0.7064557291666667 0.586949074074074 0.7064557291666667 0.750337962962963 0.6295078125000001 0.750337962962963
3 0.7139635416666666 0.6078032407407408 0.9110260416666667 0.6078032407407408 0.9110260416666667 0.8259930555555556 0.7139635416666666 0.8259930555555556
3 0.3285950520833333 0.6022430555555556 0.62637890625 0.6022430555555556 0.62637890625 0.9316828703703705 0.3285950520833333 0.9316828703703705
3 0.3010677083333333 0.5619259259259259 0.5786770833333333 0.5619259259259259 0.5786770833333333 0.7514537037037038 0.3010677083333333 0.7514537037037038
0 0.001621093750000006 0.47063194444444445 0.17933723958333334 0.47063194444444445 0.17933723958333334 0.7521921296296297 0.001621093750000006 0.7521921296296297
1 0.23959114583333335 0.33724999999999994 0.39955989583333335 0.33724999999999994 0.39955989583333335 0.47125 0.23959114583333335 0.47125