3 0.5296875 0.4412313432835821 0.35104166666666664 0.4412313432835821 0.35104166666666664 0.6007462686567164 0.5296875 0.6007462686567164
1 0.94375 0.20242537313432835 0.8359375 0.20242537313432835 0.8359375 0.5951492537313433 0.94375 0.5951492537313433
1 0.5541666666666667 0.25410447761194027 0.8072916666666666 0.25410447761194027 0.8072916666666666 0.6722574626865672 0.5541666666666667 0.6722574626865672
1 0.2125 0.47425373134328364 0.709375 0.47425373134328364 0.709375 1 0.2125 1
1 0.3633333333333333 0.1645569029850746 0.534375 0.1645569029850746 0.534375 0.35275652985074624 0.3633333333333333 0.35275652985074624
3 0.28583333333333333 0.33992070895522386 0.4875 0.33992070895522386 0.4875 0.5154897388059702 0.28583333333333333 0.5154897388059702
3 0.5291666666666667 0.2970149253731343 0.6091666666666666 0.2970149253731343 0.6091666666666666 0.4378544776119403 0.5291666666666667 0.4378544776119403
3 0.10208333333333333 0.6832089552238807 0.3775 0.6832089552238807 0.3775 1 0.10208333333333333 1
3 0.2302083333333333 0.5526119402985075 0.3758333333333333 0.5526119402985075 0.3758333333333333 0.6871828358208955 0.2302083333333333 0.6871828358208955
3 0.07083333333333333 0.593652052238806 0.2125 0.593652052238806 0.2125 0.7663106343283582 0.07083333333333333 0.7663106343283582
3 0 0.8679104477611941 0.09479166666666666 0.8679104477611941 0.09479166666666666 1 0 1
3 0 0.782089552238806 0.03854166666666667 0.782089552238806 0.03854166666666667 0.8558955223880597 0 0.8558955223880597