3 0.2769375 0.5258657407407407 0.4824635416666666 0.5258657407407407 0.4824635416666666 0.6452453703703703 0.2769375 0.6452453703703703
3 0.2986484375 0.5599375 0.5776171875 0.5599375 0.5776171875 0.769275462962963 0.2986484375 0.769275462962963
3 0.33568749999999997 0.6009513888888888 0.6234166666666667 0.6009513888888888 0.6234166666666667 0.9123541666666667 0.33568749999999997 0.9123541666666667
3 0.4449778645833334 0.4431527777777778 0.45889713541666666 0.4431527777777778 0.45889713541666666 0.525125 0.4449778645833334 0.525125
1 0.10034635416666665 0.4472847222222222 0.2484453125 0.4472847222222222 0.2484453125 0.7199097222222222 0.10034635416666665 0.7199097222222222
2 0.8333294270833334 0.3748472222222222 0.9544361979166668 0.3748472222222222 0.9544361979166668 0.5932546296296296 0.8333294270833334 0.5932546296296296
3 0.6245638020833334 0.5935138888888888 0.7354778645833334 0.5935138888888888 0.7354778645833334 0.7424675925925927 0.6245638020833334 0.7424675925925927
3 0.48929557291666664 0.47020601851851856 0.6161106770833334 0.47020601851851856 0.6161106770833334 0.5873587962962964 0.48929557291666664 0.5873587962962964
1 0.60176953125 0.394886574074074 0.81268359375 0.394886574074074 0.81268359375 0.5512152777777778 0.60176953125 0.5512152777777778
1 0.19683463541666668 0.40287962962962964 0.3665924479166666 0.40287962962962964 0.3665924479166666 0.5425925925925926 0.19683463541666668 0.5425925925925926
3 0.4587447916666667 0.45450462962962956 0.49327604166666666 0.45450462962962956 0.49327604166666666 0.5569212962962962 0.4587447916666667 0.5569212962962962
3 0.7123098958333334 0.6091180555555555 0.9175390625 0.6091180555555555 0.9175390625 0.8247060185185185 0.7123098958333334 0.8247060185185185