1 0.675 0.45242537313432835 0.15729166666666666 0.45242537313432835 0.15729166666666666 0.996268656716418 0.675 0.996268656716418
1 0.9375 0.19962686567164178 0.8359375 0.19962686567164178 0.8359375 0.5979477611940298 0.9375 0.5979477611940298
3 0.5010416666666667 0.4412313432835821 0.3572916666666667 0.4412313432835821 0.3572916666666667 0.5783582089552238 0.5010416666666667 0.5783582089552238
1 0.3616666666666667 0.16455690298507464 0.5270833333333333 0.16455690298507464 0.5270833333333333 0.36320429104477614 0.3616666666666667 0.36320429104477614
3 0 0.8679104477611941 0.058333333333333334 0.8679104477611941 0.058333333333333334 1 0 1
3 0 0.8138013059701492 0.019791666666666666 0.8138013059701492 0.019791666666666666 0.8753031716417911 0 0.8753031716417911
3 0.09166666666666666 0.6738805970149254 0.36333333333333334 0.6738805970149254 0.36333333333333334 1 0.09166666666666666 1
3 0.09499999999999999 0.5880597014925373 0.215625 0.5880597014925373 0.215625 0.7394402985074626 0.09499999999999999 0.7394402985074626
3 0.22916666666666666 0.5675419776119404 0.36916666666666664 0.5675419776119404 0.36916666666666664 0.7215251865671642 0.22916666666666666 0.7215251865671642
1 0.4608333333333334 0.2671641791044776 0.7979166666666667 0.2671641791044776 0.7979166666666667 0.6797201492537314 0.4608333333333334 0.6797201492537314
3 0.29666666666666663 0.32686100746268654 0.49375 0.32686100746268654 0.49375 0.5244449626865672 0.29666666666666663 0.5244449626865672
3 0.5608333333333334 0.3380597014925373 0.5947916666666667 0.3380597014925373 0.5947916666666667 0.37216417910447763 0.5608333333333334 0.37216417910447763