3 0.40625 0.6546875 0.40625 0.8515625 0.634375 0.8515625 0.634375 0.6546875
2 0.8815104166666666 0.3800902777777777 0.9760416666666667 0.3800902777777777 0.9760416666666667 0.658150462962963 0.8815104166666666 0.658150462962963
2 0.6783854166666666 0.322224537037037 0.7510416666666667 0.322224537037037 0.7510416666666667 0.5470069444444444 0.6783854166666666 0.5470069444444444
1 0.190625 0.3453703703703704 0.3606770833333333 0.3453703703703704 0.3606770833333333 0.5284814814814814 0.190625 0.5284814814814814
3 0.25 0.45416666666666666 0.42578125 0.45416666666666666 0.42578125 0.5859074074074074 0.25 0.5859074074074074
3 0.24479166666666666 0.509724537037037 0.4934895833333333 0.509724537037037 0.4934895833333333 0.6952013888888889 0.24479166666666666 0.6952013888888889
3 0.28229166666666666 0.5583333333333333 0.5729166666666666 0.5583333333333333 0.5729166666666666 0.8007870370370369 0.28229166666666666 0.8007870370370369
3 0.7083333333333334 0.6486111111111111 0.915625 0.6486111111111111 0.915625 0.8322777777777777 0.7083333333333334 0.8322777777777777
3 0.6197916666666666 0.5930555555555556 0.71875 0.5930555555555556 0.71875 0.73225 0.6197916666666666 0.73225
3 0.4795638020833334 0.4935740740740741 0.58522265625 0.4935740740740741 0.58522265625 0.5790555555555555 0.4795638020833334 0.5790555555555555
3 0.4486627604166667 0.4608217592592593 0.5029778645833334 0.4608217592592593 0.5029778645833334 0.533400462962963 0.4486627604166667 0.533400462962963