1 0.3609375 0.321875 0.3609375 0.3765625 0.3859375 0.3765625 0.3875 0.375 0.390625 0.375 0.3921875 0.3765625 0.5359375 0.3765625 0.5359375 0.321875
1 0.20625 0.35625 0.20625 0.4125 0.2140625 0.4125 0.2171875 0.415625 0.2171875 0.4171875 0.215625 0.41875 0.2125 0.41875 0.2109375 0.4203125 0.2078125 0.4203125 0.20625 0.41875 0.20625 0.4234375 0.3796875 0.4234375 0.3796875 0.35625
3 0.6015625 0.575 0.6015625 0.721875 0.759375 0.721875 0.759375 0.575
3 0.4340338541666666 0.4598101851851852 0.4855598958333333 0.4598101851851852 0.4855598958333333 0.5382824074074074 0.4340338541666666 0.5382824074074074
3 0.4809921875 0.487449074074074 0.5429244791666666 0.487449074074074 0.5429244791666666 0.5834212962962964 0.4809921875 0.5834212962962964
3 0.5254114583333332 0.524675925925926 0.6274479166666665 0.524675925925926 0.6274479166666665 0.6578981481481482 0.5254114583333332 0.6578981481481482
1 0.6904453125 0.3507847222222222 0.8514140625 0.3507847222222222 0.8514140625 0.5684560185185186 0.6904453125 0.5684560185185186
2 0.8369192708333333 0.36465740740740743 0.9666744791666667 0.36465740740740743 0.9666744791666667 0.5828981481481481 0.8369192708333333 0.5828981481481481
1 0.12456770833333335 0.3925555555555556 0.27429687500000005 0.3925555555555556 0.27429687500000005 0.6396018518518518 0.12456770833333335 0.6396018518518518
1 0.21146223958333335 0.4194398148148148 0.42897526041666667 0.4194398148148148 0.42897526041666667 0.6562268518518519 0.21146223958333335 0.6562268518518519
1 0.45229427083333335 0.34767592592592594 0.6022473958333333 0.34767592592592594 0.6022473958333333 0.4839907407407408 0.45229427083333335 0.4839907407407408
1 0.40526953125 0.32606018518518515 0.49019401041666666 0.32606018518518515 0.49019401041666666 0.45334722222222223 0.40526953125 0.45334722222222223