1 0.434375 0.346875 0.434375 0.459375 0.6 0.459375 0.6 0.346875
1 0.1921875 0.346875 0.1921875 0.40625 0.3578125 0.40625 0.3578125 0.346875
3 0.596875 0.5828125 0.596875 0.7453125 0.8234375 0.7453125 0.8234375 0.5828125
1 0.20689713541666668 0.4137939814814814 0.4033841145833333 0.4137939814814814 0.4033841145833333 0.6661412037037037 0.20689713541666668 0.6661412037037037
1 0.12947395833333336 0.38921527777777776 0.2724479166666667 0.38921527777777776 0.2724479166666667 0.6580439814814815 0.12947395833333336 0.6580439814814815
1 0.39866796875 0.32627083333333334 0.5190403645833334 0.32627083333333334 0.5190403645833334 0.4097384259259259 0.39866796875 0.4097384259259259
1 0.3672552083333334 0.3303773148148148 0.4157604166666667 0.3303773148148148 0.4157604166666667 0.3998819444444444 0.3672552083333334 0.3998819444444444
3 0.43207421875 0.45536111111111105 0.49647265625 0.45536111111111105 0.49647265625 0.5416574074074074 0.43207421875 0.5416574074074074
3 0.47911197916666665 0.4769143518518518 0.5410859375 0.4769143518518518 0.5410859375 0.5892615740740741 0.47911197916666665 0.5892615740740741
3 0.5193346354166667 0.516351851851852 0.62378515625 0.516351851851852 0.62378515625 0.6710833333333334 0.5193346354166667 0.6710833333333334
1 0.8453802083333333 0.4087268518518518 0.9453072916666667 0.4087268518518518 0.9453072916666667 0.7447638888888889 0.8453802083333333 0.7447638888888889
2 0.85792578125 0.37122916666666667 0.9591783854166668 0.37122916666666667 0.9591783854166668 0.4751319444444445 0.85792578125 0.4751319444444445