3 0.7609375 0.587037037037037 0.5859375 0.587037037037037 0.5859375 0.7092592592592593 0.7609375 0.7092592592592593
1 0.4609375 0.31712962962962965 0.35598958333333336 0.31712962962962965 0.35598958333333336 0.42314814814814816 0.4609375 0.42314814814814816
3 0.9046875 0.6421296296296296 0.728125 0.6421296296296296 0.728125 0.8277777777777777 0.9046875 0.8277777777777777
3 0.728125 0.774537037037037 0.484375 0.774537037037037 0.484375 0.9981481481481481 0.728125 0.9981481481481481
2 0.6700520833333333 0.3074074074074074 0.5888020833333333 0.3074074074074074 0.5888020833333333 0.4638888888888889 0.6700520833333333 0.4638888888888889
3 0.33204296875 0.49043055555555554 0.42292578124999997 0.49043055555555554 0.42292578124999997 0.5959027777777778 0.33204296875 0.5959027777777778
3 0.38294791666666667 0.528136574074074 0.46534895833333334 0.528136574074074 0.46534895833333334 0.6407060185185185 0.38294791666666667 0.6407060185185185
3 0.42562630208333335 0.5464166666666667 0.53155078125 0.5464166666666667 0.53155078125 0.7358055555555555 0.42562630208333335 0.7358055555555555
3 0.5373359375000001 0.5601319444444445 0.6014817708333333 0.5601319444444445 0.6014817708333333 0.6589976851851853 0.5373359375000001 0.6589976851851853
3 0.49234244791666676 0.49156944444444456 0.58502734375 0.49156944444444456 0.58502734375 0.5840138888888889 0.49234244791666676 0.5840138888888889
3 0.4454231770833334 0.45728935185185193 0.4960716145833333 0.45728935185185193 0.4960716145833333 0.5264050925925926 0.4454231770833334 0.5264050925925926
0 0.04010416666666667 0.4259282407407408 0.19925520833333332 0.4259282407407408 0.19925520833333332 0.7621643518518519 0.04010416666666667 0.7621643518518519