3 0.7796875 0.001388888888888889 0.6013020833333333 0.001388888888888889 0.6013020833333333 0.15601851851851853 0.7796875 0.15601851851851853
2 0.6553270833333333 0.3359375 0.6553270833333333 0.471875 0.7693895833333334 0.471875 0.7693895833333334 0.3359375
1 0.2875 0.3296875 0.2875 0.425 0.475 0.425 0.475 0.3296875
1 0.19530989583333333 0.4171435185185185 0.3108932291666667 0.4171435185185185 0.3108932291666667 0.4801157407407407 0.19530989583333333 0.4801157407407407
1 0.13981119791666666 0.36771296296296296 0.27940234375 0.36771296296296296 0.27940234375 0.5940833333333333 0.13981119791666666 0.5940833333333333
1 0.2186966145833333 0.41483796296296294 0.4808138020833333 0.41483796296296294 0.4808138020833333 0.7185694444444444 0.2186966145833333 0.7185694444444444
3 0.29758203125000005 0.5702546296296296 0.5899960937500001 0.5702546296296296 0.5899960937500001 0.7729212962962964 0.29758203125000005 0.7729212962962964
3 0.33505468750000006 0.6088333333333333 0.6815494791666666 0.6088333333333333 0.6815494791666666 0.9436574074074074 0.33505468750000006 0.9436574074074074
3 0.6604440104166667 0.5792175925925925 0.7512747395833334 0.5792175925925925 0.7512747395833334 0.7504212962962963 0.6604440104166667 0.7504212962962963
3 0.49283333333333335 0.49871527777777774 0.5533125 0.49871527777777774 0.5533125 0.5953310185185186 0.49283333333333335 0.5953310185185186
3 0.5563489583333332 0.519625 0.6700364583333334 0.519625 0.6700364583333334 0.6097731481481481 0.5563489583333332 0.6097731481481481
3 0.456296875 0.46240509259259255 0.493046875 0.46240509259259255 0.493046875 0.5031134259259259 0.456296875 0.5031134259259259