3 0.5010416666666667 0.3414179104477612 0.2984375 0.3414179104477612 0.2984375 0.4925373134328358 0.5010416666666667 0.4925373134328358
3 0.54375 0.2988852611940298 0.6016666666666666 0.2988852611940298 0.6016666666666666 0.4154617537313433 0.54375 0.4154617537313433
3 0.36770833333333336 0.44067164179104473 0.5258333333333333 0.44067164179104473 0.5258333333333333 0.6095522388059701 0.36770833333333336 0.6095522388059701
3 0.23333333333333334 0.5544822761194029 0.38999999999999996 0.5544822761194029 0.38999999999999996 0.7095848880597014 0.23333333333333334 0.7095848880597014
3 0.09166666666666666 0.6776119402985076 0.36166666666666664 0.6776119402985076 0.36166666666666664 1 0.09166666666666666 1
3 0.07916666666666666 0.5973833955223881 0.20520833333333333 0.5973833955223881 0.20520833333333333 0.7543703358208955 0.07916666666666666 0.7543703358208955
3 0 0.8585820895522389 0.065625 0.8585820895522389 0.065625 1 0 1
3 0 0.7970149253731343 0.019791666666666666 0.7970149253731343 0.019791666666666666 0.8588805970149253 0 0.8588805970149253
1 0.3641666666666667 0.1682835820895522 0.5333333333333333 0.1682835820895522 0.5333333333333333 0.378134328358209 0.3641666666666667 0.378134328358209
1 0.8354166666666667 0.19067630597014926 0.9283333333333333 0.19067630597014926 0.9283333333333333 0.5990998134328358 0.8354166666666667 0.5990998134328358
1 0.4799999999999999 0.26156716417910447 0.8 0.26156716417910447 0.8 0.67375 0.4799999999999999 0.67375
1 0.16166666666666668 0.4537313432835821 0.6916666666666667 0.4537313432835821 0.6916666666666667 1 0.16166666666666668 1