1 0.41875 0.346875 0.41875 0.46875 0.5984375 0.46875 0.5984375 0.346875
1 0.40625 0.3203125 0.40625 0.3859375 0.5640625 0.3859375 0.5640625 0.3203125
3 0.6421875 0.5828125 0.6421875 0.734375 0.7703125 0.734375 0.7703125 0.5828125
1 0.203125 0.3578125 0.203125 0.4140625 0.215625 0.4140625 0.2171875 0.415625 0.2140625 0.41875 0.20625 0.41875 0.203125 0.421875 0.2046875 0.4234375 0.2046875 0.425 0.38125 0.425 0.38125 0.3578125
3 0.5484375 0.5515625 0.5484375 0.6453125 0.6609375 0.6453125 0.6609375 0.5515625
1 0.2046875 0.40779398148148144 0.41275520833333335 0.40779398148148144 0.41275520833333335 0.6624189814814814 0.2046875 0.6624189814814814
1 0.13499088541666668 0.3942592592592592 0.2799622395833333 0.3942592592592592 0.2799622395833333 0.6588055555555555 0.13499088541666668 0.6588055555555555
1 0.56176953125 0.39087037037037037 0.7701940104166667 0.39087037037037037 0.7701940104166667 0.6445833333333333 0.56176953125 0.6445833333333333
3 0.4715872395833333 0.472162037037037 0.5474231770833333 0.472162037037037 0.5474231770833333 0.6005416666666668 0.4715872395833333 0.6005416666666668
3 0.437421875 0.443287037037037 0.48245312500000004 0.443287037037037 0.48245312500000004 0.5375925925925925 0.437421875 0.5375925925925925
1 0.7693580729166667 0.4023101851851852 0.9008398437500001 0.4023101851851852 0.9008398437500001 0.623412037037037 0.7693580729166667 0.623412037037037
1 0.7044440104166666 0.3649097222222222 0.8309674479166667 0.3649097222222222 0.8309674479166667 0.40642361111111114 0.7044440104166666 0.40642361111111114