3 0.9046875 0.6277777777777778 0.7109375 0.6277777777777778 0.7109375 0.8245370370370371 0.9046875 0.8245370370370371
1 0.6859375 0.38564814814814813 0.4375 0.38564814814814813 0.4375 0.5388888888888889 0.6859375 0.5388888888888889
3 0.7434895833333334 0.7402777777777778 0.484375 0.7402777777777778 0.484375 0.9981481481481481 0.7434895833333334 0.9981481481481481
3 0.421875 0.47314814814814815 0.25755208333333335 0.47314814814814815 0.25755208333333335 0.6152777777777778 0.421875 0.6152777777777778
2 0.7653645833333333 0.33101851851851855 0.675 0.33101851851851855 0.675 0.49212962962962964 0.7653645833333333 0.49212962962962964
2 0.7942135416666666 0.3521550925925926 0.8666145833333334 0.3521550925925926 0.8666145833333334 0.5414837962962963 0.7942135416666666 0.5414837962962963
3 0.3131171875 0.5160578703703703 0.4829557291666667 0.5160578703703703 0.4829557291666667 0.6678310185185184 0.3131171875 0.6678310185185184
3 0.3415377604166666 0.5551527777777778 0.5514674479166666 0.5551527777777778 0.5514674479166666 0.7604861111111112 0.3415377604166666 0.7604861111111112
3 0.5683815104166666 0.5927407407407407 0.69136328125 0.5927407407407407 0.69136328125 0.7135555555555555 0.5683815104166666 0.7135555555555555
3 0.4442864583333333 0.4501921296296297 0.4795104166666667 0.4501921296296297 0.4795104166666667 0.5270856481481482 0.4442864583333333 0.5270856481481482
3 0.5392499999999999 0.5545601851851852 0.58846875 0.5545601851851852 0.58846875 0.6440138888888889 0.5392499999999999 0.6440138888888889