1 0.209375 0.3515625 0.209375 0.4109375 0.21875 0.4109375 0.2203125 0.4125 0.25 0.4125 0.253125 0.415625 0.2515625 0.4171875 0.2453125 0.4171875 0.24375 0.41875 0.240625 0.41875 0.3875 0.41875 0.3875 0.3515625
3 0.5296875 0.5421875 0.5296875 0.6625 0.6625 0.6625 0.6625 0.5421875
2 0.8109375 0.3921875 0.8109375 0.5921875 0.953125 0.5921875 0.953125 0.3921875
3 0.6390625 0.5890625 0.6390625 0.6953125 0.75625 0.6953125 0.75625 0.5890625
2 0.7909635416666666 0.34601157407407407 0.84909375 0.34601157407407407 0.84909375 0.48005324074074074 0.7909635416666666 0.48005324074074074
1 0.5986458333333334 0.3254467592592592 0.6987083333333334 0.3254467592592592 0.6987083333333334 0.49136805555555557 0.5986458333333334 0.49136805555555557
1 0.5358216145833334 0.33440509259259255 0.60355859375 0.33440509259259255 0.60355859375 0.4644652777777778 0.5358216145833334 0.4644652777777778
1 0.19485807291666665 0.4253726851851852 0.41645963541666664 0.4253726851851852 0.41645963541666664 0.6619791666666667 0.19485807291666665 0.6619791666666667
1 0.13501171874999998 0.3939583333333333 0.27567578125000003 0.3939583333333333 0.27567578125000003 0.5924212962962963 0.13501171874999998 0.5924212962962963
3 0.43277604166666667 0.44875 0.485484375 0.44875 0.485484375 0.5425648148148148 0.43277604166666667 0.5425648148148148
3 0.46337630208333336 0.4776157407407407 0.5454361979166666 0.4776157407407407 0.5454361979166666 0.5852083333333333 0.46337630208333336 0.5852083333333333
1 0.40621484375 0.3251550925925926 0.5484934895833333 0.3251550925925926 0.5484934895833333 0.4306597222222222 0.40621484375 0.4306597222222222