2 0.7991447916666666 0.37044027777777777 0.7991447916666666 0.5485652777777779 0.8991447916666666 0.5485652777777779 0.8991447916666666 0.37044027777777777
3 0.2484375 0.4875 0.2484375 0.6140625 0.4421875 0.6140625 0.4421875 0.4875
2 0.6795885416666667 0.33485648148148145 0.7383854166666667 0.33485648148148145 0.7383854166666667 0.5075601851851852 0.6795885416666667 0.5075601851851852
2 0.7395208333333333 0.3443726851851852 0.7975208333333333 0.3443726851851852 0.7975208333333333 0.5532199074074073 0.7395208333333333 0.5532199074074073
1 0.444796875 0.32025925925925924 0.571609375 0.32025925925925924 0.571609375 0.3686388888888889 0.444796875 0.3686388888888889
1 0.4090755208333333 0.33716666666666667 0.5578723958333334 0.33716666666666667 0.5578723958333334 0.44512962962962965 0.4090755208333333 0.44512962962962965
3 0.29686979166666666 0.5350833333333334 0.4591666666666666 0.5350833333333334 0.4591666666666666 0.7153518518518519 0.29686979166666666 0.7153518518518519
3 0.32189322916666663 0.6262175925925926 0.6627526041666667 0.6262175925925926 0.6627526041666667 0.920412037037037 0.32189322916666663 0.920412037037037
3 0.6415130208333333 0.5636712962962963 0.7579401041666666 0.5636712962962963 0.7579401041666666 0.726337962962963 0.6415130208333333 0.726337962962963
3 0.5221458333333334 0.531125 0.6040729166666667 0.531125 0.6040729166666667 0.6468194444444445 0.5221458333333334 0.6468194444444445
3 0.4598971354166667 0.4920694444444445 0.51622265625 0.4920694444444445 0.51622265625 0.5814953703703704 0.4598971354166667 0.5814953703703704