2 0.7609375 0.3263888888888889 0.6625 0.3263888888888889 0.6625 0.4875 0.7609375 0.4875
2 0.878125 0.3527777777777778 0.7875 0.3527777777777778 0.7875 0.5356481481481481 0.878125 0.5356481481481481
3 0.7484375 0.7685185185185185 0.4825520833333333 0.7685185185185185 0.4825520833333333 0.9981481481481481 0.7484375 0.9981481481481481
3 0.28151953124999995 0.4896342592592593 0.42697005208333333 0.4896342592592593 0.42697005208333333 0.5957175925925926 0.28151953124999995 0.5957175925925926
3 0.28464713541666664 0.5549722222222222 0.44495703125 0.5549722222222222 0.44495703125 0.6580185185185184 0.28464713541666664 0.6580185185185184
3 0.35659114583333335 0.5799976851851852 0.5692942708333334 0.5799976851851852 0.5692942708333334 0.7403449074074074 0.35659114583333335 0.7403449074074074
3 0.4316627604166667 0.4534884259259259 0.48859244791666673 0.4534884259259259 0.48859244791666673 0.5512152777777778 0.4316627604166667 0.5512152777777778
3 0.4668515625 0.4896342592592592 0.5599088541666667 0.4896342592592592 0.5599088541666667 0.5823657407407408 0.4668515625 0.5823657407407408
3 0.38599479166666667 0.6244861111111112 0.6263802083333334 0.6244861111111112 0.6263802083333334 0.8582731481481483 0.38599479166666667 0.8582731481481483
3 0.5974466145833334 0.5911203703703705 0.7206888020833334 0.5911203703703705 0.7206888020833334 0.7358981481481481 0.5974466145833334 0.7358981481481481
0 0.015625 0.43287037037037035 0.169921875 0.43287037037037035 0.169921875 0.7083333333333334 0.015625 0.7083333333333334