1 0.24375 0.3375 0.24375 0.4609375 0.4140625 0.4609375 0.4140625 0.3375
1 0.15727604166666667 0.393587962962963 0.235671875 0.393587962962963 0.235671875 0.5869305555555555 0.15727604166666667 0.5869305555555555
2 0.8908528645833333 0.3774351851851852 1.0000013020833334 0.3774351851851852 1.0000013020833334 0.6242592592592592 0.8908528645833333 0.6242592592592592
1 0.4915664062500001 0.3641226851851852 0.6528815104166666 0.3641226851851852 0.6528815104166666 0.5185532407407407 0.4915664062500001 0.5185532407407407
2 0.5751783854166668 0.3211666666666666 0.66753515625 0.3211666666666666 0.66753515625 0.3615277777777778 0.5751783854166668 0.3615277777777778
1 0.5272005208333334 0.34156712962962965 0.5758515625 0.34156712962962965 0.5758515625 0.37368287037037035 0.5272005208333334 0.37368287037037035
0 0.010348958333333335 0.6095486111111111 0.3003385416666667 0.6095486111111111 0.3003385416666667 0.9627754629629629 0.010348958333333335 0.9627754629629629
3 0.2404309895833333 0.47717129629629634 0.44554296875 0.47717129629629634 0.44554296875 0.6295324074074073 0.2404309895833333 0.6295324074074073
3 0.29907812500000003 0.5301250000000001 0.48897916666666663 0.5301250000000001 0.48897916666666663 0.7225879629629629 0.29907812500000003 0.7225879629629629
3 0.31531770833333334 0.6360277777777777 0.6503177083333334 0.6360277777777777 0.6503177083333334 0.9327592592592593 0.31531770833333334 0.9327592592592593
3 0.4658450520833333 0.4819606481481481 0.52950390625 0.4819606481481481 0.52950390625 0.5977430555555555 0.4658450520833333 0.5977430555555555
3 0.5274778645833335 0.5252800925925926 0.6915481770833334 0.5252800925925926 0.6915481770833334 0.6524050925925927 0.5274778645833335 0.6524050925925927