3 0.30625 0.634375 0.30625 0.859375 0.665625 0.859375 0.665625 0.634375
1 0.1953125 0.4265625 0.1953125 0.56875 0.421875 0.56875 0.421875 0.4265625
2 0.7984375 0.3640625 0.7984375 0.534375 0.88125 0.534375 0.88125 0.3640625
3 0.53125 0.5484375 0.53125 0.6484375 0.6703125 0.6484375 0.6703125 0.5484375
1 0.534375 0.340625 0.534375 0.459375 0.675 0.459375 0.675 0.340625
3 0.4484375 0.4796875 0.4484375 0.5875 0.5625 0.5875 0.5625 0.4796875
2 0.875 0.3895208333333333 0.9960416666666667 0.3895208333333333 0.9960416666666667 0.607201388888889 0.875 0.607201388888889
1 0.42618880208333326 0.33264120370370376 0.54261328125 0.33264120370370376 0.54261328125 0.4402199074074074 0.42618880208333326 0.4402199074074074
1 0.3254361979166667 0.3145671296296296 0.46919921875 0.3145671296296296 0.46919921875 0.42404398148148154 0.3254361979166667 0.42404398148148154
3 0.29403255208333334 0.5131435185185186 0.46287369791666666 0.5131435185185186 0.46287369791666666 0.7136527777777778 0.29403255208333334 0.7136527777777778
3 0.4319348958333334 0.45769212962962963 0.4924817708333334 0.45769212962962963 0.4924817708333334 0.5274652777777779 0.4319348958333334 0.5274652777777779
3 0.6372591145833333 0.5801111111111111 0.73232421875 0.5801111111111111 0.73232421875 0.7346296296296297 0.6372591145833333 0.7346296296296297