2 0.884375 0.3574074074074074 0.7888020833333333 0.3574074074074074 0.7888020833333333 0.5481481481481482 0.884375 0.5481481481481482
3 0.7638020833333333 0.5888888888888889 0.6450520833333333 0.5888888888888889 0.6450520833333333 0.7217592592592592 0.7638020833333333 0.7217592592592592
3 0.7484375 0.7652777777777777 0.4875 0.7652777777777777 0.4875 0.9981481481481481 0.7484375 0.9981481481481481
3 0.28777473958333327 0.47851388888888885 0.4316627604166667 0.47851388888888885 0.4316627604166667 0.6021249999999999 0.28777473958333327 0.6021249999999999
3 0.2858997395833333 0.5271689814814815 0.46919921875 0.5271689814814815 0.46919921875 0.6633125000000001 0.2858997395833333 0.6633125000000001
3 0.32781250000000006 0.5563657407407407 0.5520885416666667 0.5563657407407407 0.5520885416666667 0.7245046296296296 0.32781250000000006 0.7245046296296296
3 0.4166484375 0.6356087962962964 0.6404557291666666 0.6356087962962964 0.6404557291666666 0.8402060185185185 0.4166484375 0.8402060185185185
3 0.4400338541666667 0.45837962962962964 0.5036901041666667 0.45837962962962964 0.5036901041666667 0.553425925925926 0.4400338541666667 0.553425925925926
3 0.46784375 0.4880486111111111 0.5481874999999999 0.4880486111111111 0.5481874999999999 0.5639791666666667 0.46784375 0.5639791666666667
3 0.5382994791666668 0.5517731481481482 0.6342161458333333 0.5517731481481482 0.6342161458333333 0.653662037037037 0.5382994791666668 0.653662037037037
0 0.01171875 0.4166666666666667 0.20638020833333334 0.4166666666666667 0.20638020833333334 0.71875 0.01171875 0.71875