1 0.13697916666666668 0.47499768518518526 0.3606770833333333 0.47499768518518526 0.3606770833333333 0.8883263888888889 0.13697916666666668 0.8883263888888889
1 0.22760416666666666 0.3986087962962963 0.48828125 0.3986087962962963 0.48828125 0.5900856481481481 0.22760416666666666 0.5900856481481481
1 0.21302083333333333 0.3731481481481482 0.3177083333333333 0.3731481481481482 0.3177083333333333 0.46041666666666664 0.21302083333333333 0.46041666666666664
1 0.15318098958333334 0.35889351851851853 0.26605859375 0.35889351851851853 0.26605859375 0.5111342592592593 0.15318098958333334 0.5111342592592593
1 0.22428776041666668 0.32134259259259257 0.4089153645833334 0.32134259259259257 0.4089153645833334 0.40808333333333335 0.22428776041666668 0.40808333333333335
3 0.32795572916666665 0.636375 0.6683619791666667 0.636375 0.6683619791666667 0.9454583333333334 0.32795572916666665 0.9454583333333334
3 0.28414843749999996 0.5736967592592592 0.5768463541666667 0.5736967592592592 0.5768463541666667 0.7757754629629631 0.28414843749999996 0.7757754629629631
3 0.6795208333333332 0.5815601851851853 0.757921875 0.5815601851851853 0.757921875 0.7334583333333333 0.6795208333333332 0.7334583333333333
3 0.559515625 0.5196921296296295 0.6571302083333334 0.5196921296296295 0.6571302083333334 0.6349837962962963 0.559515625 0.6349837962962963
3 0.4838515625 0.5046782407407407 0.5724401041666667 0.5046782407407407 0.5724401041666667 0.5998865740740741 0.4838515625 0.5998865740740741
3 0.47183854166666667 0.47004166666666664 0.60803125 0.47004166666666664 0.60803125 0.5061064814814815 0.47183854166666667 0.5061064814814815