1 0.2950520833333333 0.3625 0.15625 0.3625 0.15625 0.6185185185185185 0.2950520833333333 0.6185185185185185
3 0.9028645833333333 0.6449074074074074 0.7403645833333333 0.6449074074074074 0.7403645833333333 0.8310185185185185 0.9028645833333333 0.8310185185185185
1 0.8997395833333334 0.3402777777777778 0.7359375 0.3402777777777778 0.7359375 0.5263888888888889 0.8997395833333334 0.5263888888888889
3 0.6997395833333333 0.8342592592592593 0.4859375 0.8342592592592593 0.4859375 0.9981481481481481 0.6997395833333333 0.9981481481481481
3 0.51687890625 0.6322569444444445 0.61968359375 0.6322569444444445 0.61968359375 0.7886782407407407 0.51687890625 0.7886782407407407
3 0.48518229166666665 0.5683935185185185 0.5790052083333334 0.5683935185185185 0.5790052083333334 0.6759398148148149 0.48518229166666665 0.6759398148148149
3 0.35458854166666665 0.5298888888888889 0.46859375000000003 0.5298888888888889 0.46859375000000003 0.6383611111111112 0.35458854166666665 0.6383611111111112
3 0.33726041666666673 0.4782314814814815 0.42844270833333337 0.4782314814814815 0.42844270833333337 0.5812407407407407 0.33726041666666673 0.5812407407407407
3 0.437421875 0.4716550925925926 0.497859375 0.4716550925925926 0.497859375 0.5256226851851852 0.437421875 0.5256226851851852
3 0.49394921875000003 0.5073449074074075 0.56970703125 0.5073449074074075 0.56970703125 0.5759791666666667 0.49394921875000003 0.5759791666666667
3 0.599609375 0.5608796296296297 0.7007239583333332 0.5608796296296297 0.7007239583333332 0.6909722222222222 0.599609375 0.6909722222222222