1 0.2734375 0.3296875 0.2734375 0.4203125 0.45625 0.4203125 0.45625 0.3296875
1 0.12734114583333334 0.39752777777777776 0.2895026041666667 0.39752777777777776 0.2895026041666667 0.6131388888888889 0.12734114583333334 0.6131388888888889
1 0.6472486979166666 0.4372129629629629 0.8467200520833333 0.4372129629629629 0.8467200520833333 0.7070833333333333 0.6472486979166666 0.7070833333333333
2 0.7084869791666667 0.33937500000000004 0.8748984375 0.33937500000000004 0.8748984375 0.4695972222222222 0.7084869791666667 0.4695972222222222
2 0.5613645833333334 0.31339814814814815 0.6695625 0.31339814814814815 0.6695625 0.3626759259259259 0.5613645833333334 0.3626759259259259
1 0.54237109375 0.34585879629629634 0.6803528645833334 0.34585879629629634 0.6803528645833334 0.45633564814814814 0.54237109375 0.45633564814814814
1 0.5714895833333334 0.3825138888888889 0.75575 0.3825138888888889 0.75575 0.5164953703703703 0.5714895833333334 0.5164953703703703
3 0.2504270833333333 0.4851412037037038 0.4341302083333333 0.4851412037037038 0.4341302083333333 0.6284328703703703 0.2504270833333333 0.6284328703703703
3 0.29796223958333334 0.5134120370370371 0.4645950520833333 0.5134120370370371 0.4645950520833333 0.7015324074074075 0.29796223958333334 0.7015324074074075
3 0.31851692708333335 0.6369814814814815 0.66192578125 0.6369814814814815 0.66192578125 0.9166018518518518 0.31851692708333335 0.9166018518518518
3 0.52408984375 0.5301689814814815 0.6315716145833332 0.5301689814814815 0.6315716145833332 0.6272384259259259 0.52408984375 0.6272384259259259
3 0.47107421875000005 0.490375 0.52536328125 0.490375 0.52536328125 0.5686064814814815 0.47107421875000005 0.5686064814814815