1 0.5953125 0.3953125 0.5953125 0.553125 0.7515625 0.553125 0.7515625 0.3953125
1 0.415625 0.3390625 0.415625 0.4640625 0.60625 0.4640625 0.60625 0.3390625
1 0.2 0.35 0.2 0.4125 0.2203125 0.4125 0.221875 0.4140625 0.225 0.4140625 0.2265625 0.415625 0.221875 0.4203125 0.21875 0.4203125 0.375 0.4203125 0.375 0.35
1 0.3953125 0.3203125 0.3953125 0.4015625 0.5515625 0.4015625 0.5515625 0.3203125
1 0.3890625 0.340625 0.3890625 0.44375 0.446875 0.44375 0.446875 0.340625
1 0.20246875 0.40585648148148146 0.38995833333333335 0.40585648148148146 0.38995833333333335 0.6953287037037036 0.20246875 0.6953287037037036
1 0.11845182291666667 0.3844305555555556 0.26944401041666666 0.3844305555555556 0.26944401041666666 0.6953287037037037 0.11845182291666667 0.6953287037037037
3 0.6345507812500001 0.5349490740740741 0.7606002604166666 0.5349490740740741 0.7606002604166666 0.7393101851851852 0.6345507812500001 0.7393101851851852
3 0.48093749999999996 0.47879861111111116 0.5745416666666666 0.47879861111111116 0.5745416666666666 0.6137013888888889 0.48093749999999996 0.6137013888888889
3 0.4342799479166667 0.4481736111111111 0.5010377604166666 0.4481736111111111 0.5010377604166666 0.5759189814814815 0.4342799479166667 0.5759189814814815
1 0.8383802083333334 0.4119768518518519 1 0.4119768518518519 1 0.6696898148148148 0.8383802083333334 0.6696898148148148
1 0.7572460937500001 0.40146064814814814 0.9178216145833333 0.40146064814814814 0.9178216145833333 0.49654861111111115 0.7572460937500001 0.49654861111111115