3 0.5197916666666667 0.44029850746268656 0.35104166666666664 0.44029850746268656 0.35104166666666664 0.5951492537313433 0.5197916666666667 0.5951492537313433
1 0.9859375 0.22574626865671643 0.8010416666666667 0.22574626865671643 0.8010416666666667 0.6548507462686567 0.9859375 0.6548507462686567
1 0.7822916666666667 0.20242537313432835 0.5588541666666667 0.20242537313432835 0.5588541666666667 0.3218283582089552 0.7822916666666667 0.3218283582089552
1 0.7859375 0.2966417910447761 0.5213541666666667 0.2966417910447761 0.5213541666666667 0.6940298507462687 0.7859375 0.6940298507462687
1 0.5244791666666667 0.1669776119402985 0.353125 0.1669776119402985 0.353125 0.34048507462686567 0.5244791666666667 0.34048507462686567
1 0.29500000000000004 0.38097014925373135 0.7041666666666667 0.38097014925373135 0.7041666666666667 1 0.29500000000000004 1
3 0.22708333333333333 0.5600699626865672 0.41083333333333333 0.5600699626865672 0.41083333333333333 0.8170755597014925 0.22708333333333333 0.8170755597014925
3 0.09479166666666666 0.6757462686567165 0.38666666666666666 0.6757462686567165 0.38666666666666666 1 0.09479166666666666 1
3 0.090625 0.6029804104477612 0.20083333333333334 0.6029804104477612 0.20083333333333334 0.7543703358208955 0.090625 0.7543703358208955
3 0.2924999999999999 0.3828311567164179 0.4427083333333333 0.3828311567164179 0.4427083333333333 0.5154897388059702 0.2924999999999999 0.5154897388059702
3 0 0.8809701492537314 0.05416666666666667 0.8809701492537314 0.05416666666666667 1 0 1
3 0 0.8138059701492538 0.03333333333333333 0.8138059701492538 0.03333333333333333 0.8708208955223881 0 0.8708208955223881