1 0.2 0.3484375 0.2 0.4171875 0.2125 0.4171875 0.2125 0.415625 0.2140625 0.4140625 0.21875 0.4140625 0.2203125 0.4125 0.2234375 0.4125 0.225 0.4140625 0.2390625 0.4140625 0.240625 0.415625 0.2390625 0.4171875 0.2375 0.4171875 0.409375 0.4171875 0.409375 0.3484375
1 0.1421875 0.3984375 0.1421875 0.578125 0.3578125 0.578125 0.3578125 0.3984375
1 0.5109375 0.3234375 0.5109375 0.4640625 0.6953125 0.4640625 0.6953125 0.3234375
2 0.7859375 0.3640625 0.7859375 0.4984375 0.8796875 0.4984375 0.8796875 0.3640625
3 0.534375 0.55 0.534375 0.65 0.6625 0.65 0.6625 0.55
2 0.8856770833333333 0.3833773148148148 0.9730677083333333 0.3833773148148148 0.9730677083333333 0.45857638888888885 0.8856770833333333 0.45857638888888885
2 0.9442395833333334 0.41551388888888885 1 0.41551388888888885 1 0.6660694444444445 0.9442395833333334 0.6660694444444445
1 0.7118242187499999 0.4579305555555556 0.95219140625 0.4579305555555556 0.95219140625 0.7913101851851851 0.7118242187499999 0.7913101851851851
3 0.6586549479166667 0.5826064814814814 0.73390234375 0.5826064814814814 0.73390234375 0.7436435185185185 0.6586549479166667 0.7436435185185185
3 0.42584765625 0.44635879629629627 0.50998046875 0.44635879629629627 0.50998046875 0.5697986111111112 0.42584765625 0.5697986111111112
3 0.50983984375 0.5051921296296297 0.6733111979166667 0.5051921296296297 0.6733111979166667 0.5657986111111111 0.50983984375 0.5657986111111111
0 0.01317187500000001 0.4299097222222222 0.14775520833333333 0.4299097222222222 0.14775520833333333 0.7305902777777777 0.01317187500000001 0.7305902777777777