3 0.32859505208333334 0.6146319444444445 0.6230507812500001 0.6146319444444445 0.6230507812500001 0.9032013888888889 0.32859505208333334 0.9032013888888889
3 0.3010677083333333 0.5619259259259259 0.5786770833333333 0.5619259259259259 0.5786770833333333 0.7273703703703704 0.3010677083333333 0.7273703703703704
3 0.2717916666666667 0.5116458333333334 0.48270312500000007 0.5116458333333334 0.48270312500000007 0.6646782407407408 0.2717916666666667 0.6646782407407408
3 0.48251692708333327 0.4777314814814814 0.6189674479166667 0.4777314814814814 0.6189674479166667 0.5866666666666667 0.48251692708333327 0.5866666666666667
3 0.62182421875 0.5686944444444444 0.7101236979166666 0.5686944444444444 0.7101236979166666 0.7598796296296296 0.62182421875 0.7598796296296296
3 0.44476171875 0.4544768518518518 0.46287890625000006 0.4544768518518518 0.46287890625000006 0.5275509259259259 0.44476171875 0.5275509259259259
3 0.46297916666666666 0.4649467592592592 0.48897395833333335 0.4649467592592592 0.48897395833333335 0.5640810185185186 0.46297916666666666 0.5640810185185186
0 0.010542968749999989 0.4801435185185185 0.18133203125000003 0.4801435185185185 0.18133203125000003 0.7509768518518518 0.010542968749999989 0.7509768518518518
1 0.57747265625 0.3960231481481482 0.7879231770833334 0.3960231481481482 0.7879231770833334 0.5362175925925926 0.57747265625 0.5362175925925926
3 0.7171132812500001 0.6204166666666667 0.91088671875 0.6204166666666667 0.91088671875 0.8262592592592592 0.7171132812500001 0.8262592592592592
1 0.38256770833333337 0.32371064814814815 0.5237552083333333 0.32371064814814815 0.5237552083333333 0.44851157407407405 0.38256770833333337 0.44851157407407405
1 0.5743398437499999 0.3210972222222222 0.6161184895833334 0.3210972222222222 0.6161184895833334 0.4450324074074074 0.5743398437499999 0.4450324074074074