3 0.30625 0.634375 0.30625 0.81875 0.6640625 0.81875 0.6640625 0.634375
3 0.534375 0.559375 0.534375 0.65 0.6703125 0.65 0.6703125 0.559375
3 0.29375 0.5328125 0.29375 0.7109375 0.4875 0.7109375 0.4875 0.5328125
3 0.43125 0.4875 0.43125 0.584375 0.5640625 0.584375 0.5640625 0.4875
1 0.19375 0.4265625 0.19375 0.5671875 0.4046875 0.5671875 0.4046875 0.4265625
2 0.878125 0.371875 0.878125 0.5921875 0.9859375 0.5921875 0.9859375 0.371875
1 0.5794596354166667 0.33125 0.6846289062500001 0.33125 0.6846289062500001 0.4921944444444445 0.5794596354166667 0.4921944444444445
1 0.45997656249999996 0.34977777777777774 0.5994244791666666 0.34977777777777774 0.5994244791666666 0.4757037037037037 0.45997656249999996 0.4757037037037037
1 0.4121341145833333 0.32807407407407413 0.4658033854166667 0.32807407407407413 0.4658033854166667 0.4513888888888889 0.4121341145833333 0.4513888888888889
1 0.31874869791666666 0.32925000000000004 0.44756901041666663 0.32925000000000004 0.44756901041666663 0.4313425925925926 0.31874869791666666 0.4313425925925926
3 0.6460260416666667 0.5676412037037037 0.7423854166666667 0.5676412037037037 0.7423854166666667 0.7476643518518519 0.6460260416666667 0.7476643518518519
3 0.43481901041666665 0.4598564814814814 0.48462369791666665 0.4598564814814814 0.48462369791666665 0.515949074074074 0.43481901041666665 0.515949074074074