3 0.6859375 0.6370370370370371 0.4796875 0.6370370370370371 0.4796875 0.8435185185185186 0.6859375 0.8435185185185186
2 0.8984375 0.4015625 0.8984375 0.5875 0.996875 0.5875 0.996875 0.4015625
2 0.7911377604166667 0.34887037037037033 0.7911377604166667 0.5629328703703703 0.8848877604166667 0.5629328703703703 0.8848877604166667 0.34887037037037033
1 0.65395703125 0.40762731481481485 0.8391523437499999 0.40762731481481485 0.8391523437499999 0.6816875000000001 0.65395703125 0.6816875000000001
3 0.7065260416666668 0.6106018518518518 0.9266822916666667 0.6106018518518518 0.9266822916666667 0.8096018518518519 0.7065260416666668 0.8096018518518519
3 0.2901197916666666 0.5869212962962963 0.5699010416666667 0.5869212962962963 0.5699010416666667 0.7604027777777776 0.2901197916666666 0.7604027777777776
3 0.25138541666666664 0.5158819444444445 0.5004479166666667 0.5158819444444445 0.5004479166666667 0.693988425925926 0.25138541666666664 0.693988425925926
1 0.19120703124999996 0.4177800925925926 0.42148046874999995 0.4177800925925926 0.42148046874999995 0.593136574074074 0.19120703124999996 0.593136574074074
3 0.48912890625 0.4902013888888888 0.5740846354166665 0.4902013888888888 0.5740846354166665 0.5867430555555556 0.48912890625 0.5867430555555556
3 0.44863671875000005 0.46849074074074076 0.49978515625 0.46849074074074076 0.49978515625 0.5393796296296296 0.44863671875000005 0.5393796296296296
3 0.5566171875000001 0.537050925925926 0.6521223958333333 0.537050925925926 0.6521223958333333 0.629949074074074 0.5566171875000001 0.629949074074074