3 0.30625 0.621875 0.30625 0.8828125 0.665625 0.8828125 0.665625 0.621875
1 0.5515625 0.3421875 0.5515625 0.4859375 0.69375 0.4859375 0.69375 0.3421875
1 0.1859375 0.4265625 0.1859375 0.5703125 0.41875 0.5703125 0.41875 0.4265625
3 0.534375 0.55625 0.534375 0.6421875 0.6625 0.6421875 0.6625 0.55625
2 0.8671875 0.378125 0.8671875 0.59375 0.9609375 0.59375 0.9609375 0.378125
1 0.45625 0.3375 0.45625 0.425 0.625 0.425 0.625 0.3375
3 0.2921875 0.5140625 0.2921875 0.7109375 0.4828125 0.7109375 0.4828125 0.5140625
1 0.4023125 0.31993055555555555 0.4709895833333333 0.31993055555555555 0.4709895833333333 0.4115972222222222 0.4023125 0.4115972222222222
1 0.32593619791666667 0.3262523148148148 0.44513671875 0.3262523148148148 0.44513671875 0.4240717592592593 0.32593619791666667 0.4240717592592593
3 0.4740989583333333 0.4821944444444444 0.5333177083333334 0.4821944444444444 0.5333177083333334 0.5665277777777777 0.4740989583333333 0.5665277777777777
3 0.42535416666666664 0.4571458333333333 0.4843125 0.4571458333333333 0.4843125 0.5227152777777778 0.42535416666666664 0.5227152777777778
3 0.653234375 0.5735694444444445 0.748515625 0.5735694444444445 0.748515625 0.7508657407407408 0.653234375 0.7508657407407408