2 0.678125 0.34651296296296297 0.678125 0.491825462962963 0.76875 0.491825462962963 0.76875 0.34651296296296297
1 0.5371692708333333 0.3411078703703704 0.5371692708333333 0.43798287037037037 0.6652942708333334 0.43798287037037037 0.6652942708333334 0.3411078703703704
2 0.7955976562499999 0.36442453703703703 0.7955976562499999 0.526924537037037 0.8987226562499999 0.526924537037037 0.8987226562499999 0.36442453703703703
3 0.296875 0.4953125 0.296875 0.7125 0.5015625 0.7125 0.5015625 0.4953125
1 0.30858984375 0.32133564814814813 0.4643893229166666 0.32133564814814813 0.4643893229166666 0.4165625 0.30858984375 0.4165625
1 0.42230989583333334 0.3312222222222222 0.5512890625 0.3312222222222222 0.5512890625 0.43363888888888885 0.42230989583333334 0.43363888888888885
1 0.2211510416666667 0.4004328703703704 0.43727604166666667 0.4004328703703704 0.43727604166666667 0.5909097222222223 0.2211510416666667 0.5909097222222223
3 0.31566536458333333 0.6500856481481482 0.66599609375 0.6500856481481482 0.66599609375 0.9187106481481482 0.31566536458333333 0.9187106481481482
3 0.6416640625000001 0.5769444444444445 0.7306171875 0.5769444444444445 0.7306171875 0.7436111111111111 0.6416640625000001 0.7436111111111111
3 0.5262604166666666 0.5435740740740741 0.6189166666666667 0.5435740740740741 0.6189166666666667 0.6510462962962963 0.5262604166666666 0.6510462962962963
3 0.46786328125 0.4891921296296296 0.5218763020833334 0.4891921296296296 0.5218763020833334 0.5818449074074075 0.46786328125 0.5818449074074075
3 0.4365807291666667 0.4582962962962963 0.4713359375 0.4582962962962963 0.4713359375 0.5198333333333334 0.4365807291666667 0.5198333333333334