1 0.146875 0.3546875 0.146875 0.490625 0.353125 0.490625 0.353125 0.3546875
1 0.5015625 0.33125 0.5015625 0.45 0.6765625 0.45 0.6765625 0.33125
1 0.6515625 0.35625 0.6515625 0.4671875 0.7671875 0.4671875 0.7671875 0.35625
3 0.4671875 0.478125 0.4671875 0.6078125 0.675 0.6078125 0.675 0.478125
3 0.52348046875 0.5404236111111111 0.7429674479166667 0.5404236111111111 0.7429674479166667 0.7138171296296295 0.52348046875 0.7138171296296295
3 0.4744075520833333 0.47528240740740735 0.5007174479166667 0.47528240740740735 0.5007174479166667 0.5718009259259259 0.4744075520833333 0.5718009259259259
1 0.7882187500000001 0.44829861111111113 0.9629114583333334 0.44829861111111113 0.9629114583333334 0.7824143518518519 0.7882187500000001 0.7824143518518519
1 0.7569440104166667 0.38545833333333335 0.8852799479166668 0.38545833333333335 0.8852799479166668 0.5261805555555555 0.7569440104166667 0.5261805555555555
1 0.07390494791666669 0.5059027777777778 0.40113671875 0.5059027777777778 0.40113671875 0.796625 0.07390494791666669 0.796625
1 0.08211718750000001 0.41831018518518515 0.2256171875 0.41831018518518515 0.2256171875 0.535486111111111 0.08211718750000001 0.535486111111111
3 0.315859375 0.4590787037037037 0.4232760416666667 0.4590787037037037 0.4232760416666667 0.5830972222222223 0.315859375 0.5830972222222223
3 0.32832942708333335 0.5117407407407407 0.46614973958333333 0.5117407407407407 0.46614973958333333 0.7181296296296297 0.32832942708333335 0.7181296296296297