1 0.32786458333333335 0.3560185185185185 0.171875 0.3560185185185185 0.171875 0.4981481481481482 0.32786458333333335 0.4981481481481482
2 0.8825520833333333 0.3574074074074074 0.7888020833333333 0.3574074074074074 0.7888020833333333 0.5342592592592592 0.8825520833333333 0.5342592592592592
3 0.7513020833333334 0.7527777777777778 0.4859375 0.7527777777777778 0.4859375 0.9981481481481481 0.7513020833333334 0.9981481481481481
3 0.7622395833333333 0.5810185185185185 0.6325520833333333 0.5810185185185185 0.6325520833333333 0.7356481481481482 0.7622395833333333 0.7356481481481482
3 0.2952825520833333 0.4785115740740741 0.4246236979166667 0.4785115740740741 0.4246236979166667 0.6129606481481481 0.2952825520833333 0.6129606481481481
3 0.29465625 0.5535856481481481 0.44104687499999995 0.5535856481481481 0.44104687499999995 0.6541273148148148 0.29465625 0.6541273148148148
3 0.36409765624999996 0.5772199074074075 0.5739856770833334 0.5772199074074075 0.5739856770833334 0.7297800925925925 0.36409765624999996 0.7297800925925925
3 0.44480078125 0.6161435185185185 0.6162148437500001 0.6161435185185185 0.6162148437500001 0.8566064814814814 0.44480078125 0.8566064814814814
3 0.4329440104166667 0.464150462962963 0.48942578124999997 0.464150462962963 0.48942578124999997 0.5542847222222222 0.4329440104166667 0.5542847222222222
3 0.46920703124999996 0.5002893518518519 0.5632669270833333 0.5002893518518519 0.5632669270833333 0.576951388888889 0.46920703124999996 0.576951388888889
0 0.01953125 0.41898148148148145 0.18424479166666666 0.41898148148148145 0.18424479166666666 0.6817129629629629 0.01953125 0.6817129629629629