3 0.5197916666666667 0.4375 0.3484375 0.4375 0.3484375 0.5839552238805971 0.5197916666666667 0.5839552238805971
1 0.7875 0.29850746268656714 0.5213541666666667 0.29850746268656714 0.5213541666666667 0.6940298507462687 0.7869791666666667 0.6940298507462687
1 0.9619791666666667 0.22014925373134328 0.796875 0.22014925373134328 0.796875 0.628731343283582 0.9619791666666667 0.628731343283582
3 0.3885416666666667 0.9524253731343284 0.3338541666666667 0.9524253731343284 0.3338541666666667 0.996268656716418 0.3859375 0.996268656716418 0.38697916666666665 0.960820895522388 0.3885416666666667 0.9589552238805971
1 0.5244791666666667 0.1669776119402985 0.3546875 0.1669776119402985 0.3546875 0.34048507462686567 0.5244791666666667 0.34048507462686567
1 0.5677083333333334 0.20186567164179103 0.7858333333333334 0.20186567164179103 0.7858333333333334 0.36917910447761193 0.5677083333333334 0.36917910447761193
1 0.3 0.3735121268656716 0.43645833333333334 0.3735121268656716 0.43645833333333334 0.5304244402985074 0.3 0.5304244402985074
3 0.08645833333333333 0.6645522388059703 0.3858333333333333 0.6645522388059703 0.3858333333333333 1 0.08645833333333333 1
3 0.23333333333333334 0.5675373134328358 0.4975 0.5675373134328358 0.4975 0.9693656716417909 0.23333333333333334 0.9693656716417909
3 0.07416666666666666 0.5973927238805969 0.2 0.5973927238805969 0.2 0.7722901119402985 0.07416666666666666 0.7722901119402985
3 0 0.8716417910447762 0.065625 0.8716417910447762 0.065625 1 0 1
3 0 0.8212686567164179 0.030208333333333334 0.8212686567164179 0.030208333333333334 0.8663432835820895 0 0.8663432835820895