1 0.6697916666666667 0.44402985074626866 0.046875 0.44402985074626866 0.046875 0.996268656716418 0.6697916666666667 0.996268656716418
1 0.9322916666666666 0.20615671641791045 0.8447916666666667 0.20615671641791045 0.8447916666666667 0.5979477611940298 0.9322916666666666 0.5979477611940298
3 0.5244791666666667 0.43470149253731344 0.35104166666666664 0.43470149253731344 0.35104166666666664 0.5774253731343284 0.5244791666666667 0.5774253731343284
1 0.5491666666666667 0.26156716417910447 0.8 0.26156716417910447 0.8 0.6901679104477612 0.5491666666666667 0.6901679104477612
3 0.5575 0.33619402985074626 0.603125 0.33619402985074626 0.603125 0.4244216417910448 0.5575 0.4244216417910448
1 0.365 0.1813432835820896 0.534375 0.1813432835820896 0.534375 0.37365671641791043 0.365 0.37365671641791043
3 0.2891666666666667 0.3865625 0.44166666666666665 0.3865625 0.44166666666666665 0.5274300373134329 0.2891666666666667 0.5274300373134329
3 0.225 0.5675419776119403 0.38999999999999996 0.5675419776119403 0.38999999999999996 0.7155550373134328 0.225 0.7155550373134328
3 0.08541666666666668 0.6682835820895523 0.3433333333333334 0.6682835820895523 0.3433333333333334 1 0.08541666666666668 1
3 0.07333333333333332 0.5880643656716418 0.209375 0.5880643656716418 0.209375 0.7722901119402985 0.07333333333333332 0.7722901119402985
3 0 0.8735074626865672 0.051041666666666666 0.8735074626865672 0.051041666666666666 1 0 1
3 0 0.7802238805970149 0.0375 0.7802238805970149 0.0375 0.8648507462686568 0 0.8648507462686568