1 0.553125 0.3359375 0.553125 0.4703125 0.665625 0.4703125 0.665625 0.3359375
1 0.2015625 0.3515625 0.2015625 0.415625 0.203125 0.415625 0.2046875 0.4140625 0.2078125 0.4140625 0.209375 0.4125 0.2453125 0.4125 0.246875 0.4140625 0.2515625 0.4140625 0.253125 0.415625 0.38125 0.415625 0.38125 0.3515625
1 0.1453125 0.4015625 0.1453125 0.58125 0.3515625 0.58125 0.3515625 0.4015625
0 0.009375 0.446875 0.009375 0.659375 0.1515625 0.659375 0.1515625 0.446875
3 0.5296875 0.546875 0.5296875 0.6734375 0.665625 0.6734375 0.665625 0.546875
1 0.6681888020833333 0.38083564814814813 0.78437890625 0.38083564814814813 0.78437890625 0.548349537037037 0.6681888020833333 0.548349537037037
1 0.76783203125 0.34324305555555557 0.8471002604166668 0.34324305555555557 0.8471002604166668 0.5658402777777778 0.76783203125 0.5658402777777778
2 0.8964505208333333 0.3805601851851852 0.9557161458333333 0.3805601851851852 0.9557161458333333 0.639800925925926 0.8964505208333333 0.639800925925926
2 0.9610572916666666 0.41229629629629627 1 0.41229629629629627 1 0.6773611111111111 0.9610572916666666 0.6773611111111111
3 0.4300143229166667 0.44503935185185184 0.48112630208333335 0.44503935185185184 0.48112630208333335 0.558673611111111 0.4300143229166667 0.558673611111111
3 0.47085937499999997 0.4843703703703704 0.5553645833333333 0.4843703703703704 0.5553645833333333 0.5777407407407407 0.47085937499999997 0.5777407407407407
3 0.6703541666666666 0.5984027777777777 0.7695677083333334 0.5984027777777777 0.7695677083333334 0.7692268518518518 0.6703541666666666 0.7692268518518518