3 0.26994140624999996 0.5265648148148149 0.49508463541666664 0.5265648148148149 0.49508463541666664 0.6576851851851852 0.26994140624999996 0.6576851851851852
3 0.2986484375 0.55675 0.5776171875 0.55675 0.5776171875 0.7705185185185186 0.2986484375 0.7705185185185186
3 0.33568880208333335 0.6021967592592592 0.6150091145833333 0.6021967592592592 0.6150091145833333 0.913599537037037 0.33568880208333335 0.913599537037037
3 0.626109375 0.5753842592592593 0.759921875 0.5753842592592593 0.759921875 0.7511527777777778 0.626109375 0.7511527777777778
3 0.4417669270833333 0.44086574074074075 0.45641015625 0.44086574074074075 0.45641015625 0.5228379629629629 0.4417669270833333 0.5228379629629629
2 0.8212747395833334 0.37402546296296296 0.9542825520833333 0.37402546296296296 0.9542825520833333 0.5855115740740741 0.8212747395833334 0.5855115740740741
3 0.4481184895833333 0.4626273148148148 0.5323971354166667 0.4626273148148148 0.5323971354166667 0.5640393518518518 0.4481184895833333 0.5640393518518518
1 0.03542708333333333 0.4526944444444444 0.13622916666666668 0.4526944444444444 0.13622916666666668 0.7222870370370371 0.03542708333333333 0.7222870370370371
1 0.45062499999999994 0.32059953703703703 0.6038437499999999 0.32059953703703703 0.6038437499999999 0.49007638888888894 0.45062499999999994 0.49007638888888894
1 0.5388776041666666 0.3617476851851852 0.6888463541666667 0.3617476851851852 0.6888463541666667 0.5724189814814815 0.5388776041666666 0.5724189814814815
2 0.7817994791666667 0.3665555555555556 0.8390911458333333 0.3665555555555556 0.8390911458333333 0.5419537037037038 0.7817994791666667 0.5419537037037038
2 0.9686666666666668 0.40050694444444446 1 0.40050694444444446 1 0.6556967592592593 0.9686666666666668 0.6556967592592593