3 0.2769348958333333 0.502849537037037 0.4703671875 0.502849537037037 0.4703671875 0.655335648148148 0.2769348958333333 0.655335648148148
3 0.2986484375 0.5599375 0.5776171875 0.5599375 0.5776171875 0.769275462962963 0.2986484375 0.769275462962963
3 0.33568749999999997 0.6009513888888888 0.6234166666666667 0.6009513888888888 0.6234166666666667 0.9123541666666667 0.33568749999999997 0.9123541666666667
3 0.44375911458333334 0.4554027777777778 0.4566263020833333 0.4554027777777778 0.4566263020833333 0.537375 0.44375911458333334 0.537375
0 0.003125 0.45129861111111114 0.19046354166666665 0.45129861111111114 0.19046354166666665 0.6937384259259259 0.003125 0.6937384259259259
1 0.1906848958333333 0.38918287037037036 0.3927005208333333 0.38918287037037036 0.3927005208333333 0.587974537037037 0.1906848958333333 0.587974537037037
1 0.11527083333333334 0.4211388888888889 0.19293229166666667 0.4211388888888889 0.19293229166666667 0.45942592592592596 0.11527083333333334 0.45942592592592596
2 0.8156484374999999 0.37417824074074074 0.8909348958333333 0.37417824074074074 0.8909348958333333 0.5663125000000001 0.8156484374999999 0.5663125000000001
2 0.9092500000000001 0.4225416666666667 1 0.4225416666666667 1 0.6985138888888889 0.9092500000000001 0.6985138888888889
3 0.6222786458333333 0.556150462962963 0.7574817708333333 0.556150462962963 0.7574817708333333 0.7347662037037037 0.6222786458333333 0.7347662037037037
3 0.454375 0.469025462962963 0.574984375 0.469025462962963 0.574984375 0.5612523148148149 0.454375 0.5612523148148149
2 0.8856106770833333 0.3930092592592592 0.97617578125 0.3930092592592592 0.97617578125 0.44082407407407403 0.8856106770833333 0.44082407407407403