3 0.5625 0.5453125 0.5625 0.6265625 0.6609375 0.6265625 0.6609375 0.5453125
2 0.8841145833333334 0.40555555555555556 0.9770833333333333 0.40555555555555556 0.9770833333333333 0.6507407407407407 0.8841145833333334 0.6507407407407407
2 0.703125 0.32453472222222224 0.7666666666666667 0.32453472222222224 0.7666666666666667 0.5377430555555556 0.703125 0.5377430555555556
1 0.18645833333333334 0.3476828703703704 0.34375 0.3476828703703704 0.34375 0.5692337962962963 0.18645833333333334 0.5692337962962963
3 0.23073567708333328 0.4363611111111111 0.42544140625 0.4363611111111111 0.42544140625 0.6007314814814815 0.23073567708333328 0.6007314814814815
3 0.2686276041666667 0.5070324074074074 0.5041015625 0.5070324074074074 0.5041015625 0.675337962962963 0.2686276041666667 0.675337962962963
3 0.2923098958333333 0.5822175925925925 0.5041015625 0.5822175925925925 0.5041015625 0.7812268518518519 0.2923098958333333 0.7812268518518519
3 0.3471197916666667 0.6107847222222222 0.622515625 0.6107847222222222 0.622515625 0.9496874999999999 0.3471197916666667 0.9496874999999999
3 0.6123658854166666 0.5957523148148148 0.70709765625 0.5957523148148148 0.70709765625 0.7282847222222222 0.6123658854166666 0.7282847222222222
3 0.6935625 0.6137962962962963 0.910765625 0.6137962962962963 0.910765625 0.829361111111111 0.6935625 0.829361111111111
3 0.48491015625 0.49040277777777774 0.6004335937499999 0.49040277777777774 0.6004335937499999 0.6200509259259259 0.48491015625 0.6200509259259259
3 0.44687760416666666 0.4481481481481481 0.49822135416666663 0.4481481481481481 0.49822135416666663 0.5405833333333333 0.44687760416666666 0.5405833333333333