3 0.442609375 0.4507083333333333 0.466453125 0.4507083333333333 0.466453125 0.5233842592592592 0.442609375 0.5233842592592592
1 0.4517513020833333 0.3172291666666667 0.6035976562500001 0.3172291666666667 0.6035976562500001 0.4396875 0.4517513020833333 0.4396875
3 0.6295078125000001 0.586949074074074 0.7869036458333334 0.586949074074074 0.7869036458333334 0.750337962962963 0.6295078125000001 0.750337962962963
3 0.3285950520833333 0.6244976851851851 0.62637890625 0.6244976851851851 0.62637890625 0.9219467592592594 0.3285950520833333 0.9219467592592594
3 0.3010677083333333 0.5619259259259259 0.5786770833333333 0.5619259259259259 0.5786770833333333 0.7273703703703704 0.3010677083333333 0.7273703703703704
1 0.204765625 0.34490046296296295 0.34077604166666664 0.34490046296296295 0.34077604166666664 0.5103865740740741 0.204765625 0.5103865740740741
2 0.9390625 0.4032453703703704 1 0.4032453703703704 1 0.626662037037037 0.9390625 0.626662037037037
3 0.2814192708333333 0.5266828703703703 0.4947890625 0.5266828703703703 0.4947890625 0.6646782407407408 0.2814192708333333 0.6646782407407408
2 0.8484375 0.375 0.9361979166666666 0.375 0.9361979166666666 0.5970185185185185 0.8484375 0.5970185185185185
2 0.7854166666666667 0.3638912037037037 0.8809895833333333 0.3638912037037037 0.8809895833333333 0.5136643518518518 0.7854166666666667 0.5136643518518518
3 0.4512916666666666 0.46443055555555557 0.5154322916666667 0.46443055555555557 0.5154322916666667 0.5575509259259259 0.4512916666666666 0.5575509259259259
3 0.5246289062499999 0.4689444444444445 0.6650377604166666 0.4689444444444445 0.6650377604166666 0.5944722222222222 0.5246289062499999 0.5944722222222222