2 0.6653645833333334 0.32222222222222224 0.7416666666666667 0.32222222222222224 0.7416666666666667 0.5043981481481481 0.6653645833333334 0.5043981481481481
2 0.875 0.38935416666666667 0.9322916666666666 0.38935416666666667 0.9322916666666666 0.609988425925926 0.875 0.609988425925926
3 0.6834817708333333 0.6273981481481482 0.9111328125 0.6273981481481482 0.9111328125 0.8190277777777778 0.6834817708333333 0.8190277777777778
3 0.6280638020833335 0.5867430555555556 0.7267591145833333 0.5867430555555556 0.7267591145833333 0.7176643518518518 0.6280638020833335 0.7176643518518518
3 0.3397174479166667 0.5601550925925926 0.56208984375 0.5601550925925926 0.56208984375 0.7614652777777777 0.3397174479166667 0.7614652777777777
3 0.44738671875 0.6086319444444445 0.6157486979166666 0.6086319444444445 0.6157486979166666 0.8728402777777778 0.44738671875 0.8728402777777778
1 0.19088281250000003 0.5335717592592591 0.45723697916666667 0.5335717592592591 0.45723697916666667 1.000002314814815 0.19088281250000003 1.000002314814815
3 0.26019921875 0.43348611111111107 0.42222786458333333 0.43348611111111107 0.42222786458333333 0.5737453703703703 0.26019921875 0.5737453703703703
3 0.2953841145833333 0.5101157407407407 0.49787630208333333 0.5101157407407407 0.49787630208333333 0.6663564814814814 0.2953841145833333 0.6663564814814814
3 0.4380598958333334 0.4632013888888889 0.4952369791666667 0.4632013888888889 0.4952369791666667 0.5349560185185186 0.4380598958333334 0.5349560185185186
3 0.4890794270833333 0.4757106481481482 0.5663111979166666 0.4757106481481482 0.5663111979166666 0.5587337962962963 0.4890794270833333 0.5587337962962963
3 0.5471354166666667 0.5116759259259259 0.6289427083333334 0.5116759259259259 0.6289427083333334 0.610037037037037 0.5471354166666667 0.610037037037037