1 0.6796875 0.43097014925373134 0.14010416666666667 0.43097014925373134 0.14010416666666667 0.996268656716418 0.6796875 0.996268656716418
3 0.5244791666666667 0.4412313432835821 0.3609375 0.4412313432835821 0.3609375 0.5914179104477612 0.5244791666666667 0.5914179104477612
1 0.9197916666666667 0.19962686567164178 0.8359375 0.19962686567164178 0.8359375 0.5988805970149254 0.9197916666666667 0.5988805970149254
1 0.5483333333333335 0.27463152985074624 0.8052083333333333 0.27463152985074624 0.8052083333333333 0.6618050373134329 0.5483333333333335 0.6618050373134329
1 0.3608333333333333 0.1832136194029851 0.5302083333333333 0.1832136194029851 0.5302083333333333 0.35872667910447764 0.3608333333333333 0.35872667910447764
3 0.3016666666666667 0.33432369402985074 0.490625 0.33432369402985074 0.490625 0.5229524253731344 0.3016666666666667 0.5229524253731344
3 0.21979166666666664 0.5843330223880597 0.3758333333333333 0.5843330223880597 0.3758333333333333 0.7185401119402985 0.21979166666666664 0.7185401119402985
3 0.09166666666666666 0.6794776119402985 0.365 0.6794776119402985 0.365 1 0.09166666666666666 1
3 0.08166666666666665 0.5899207089552239 0.20625 0.5899207089552239 0.20625 0.7603404850746269 0.08166666666666665 0.7603404850746269
3 0 0.862313432835821 0.06354166666666666 0.862313432835821 0.06354166666666666 1 0 1
3 0 0.806338619402985 0.025 0.806338619402985 0.025 0.884258395522388 0 0.884258395522388
3 0.5625 0.34365671641791046 0.5916666666666667 0.34365671641791046 0.5916666666666667 0.38111940298507463 0.5625 0.38111940298507463