2 0.7934398437500001 0.36534953703703704 0.7934398437500001 0.555974537037037 0.90750234375 0.555974537037037 0.90750234375 0.36534953703703704
3 0.25 0.471875 0.25 0.6171875 0.45 0.6171875 0.45 0.471875
1 0.675 0.34375 0.675 0.5015625 0.73125 0.5015625 0.73125 0.34375
2 0.7239440104166666 0.3427847222222223 0.7893893229166667 0.3427847222222223 0.7893893229166667 0.5374930555555556 0.7239440104166666 0.5374930555555556
1 0.4015 0.3352152777777778 0.5592760416666667 0.3352152777777778 0.5592760416666667 0.45866435185185184 0.4015 0.45866435185185184
1 0.4909036458333334 0.31805787037037037 0.5760390625 0.31805787037037037 0.5760390625 0.3929050925925926 0.4909036458333334 0.3929050925925926
3 0.2847604166666667 0.5482337962962963 0.4607552083333334 0.5482337962962963 0.4607552083333334 0.6981643518518518 0.2847604166666667 0.6981643518518518
3 0.30604427083333335 0.6139953703703703 0.6762057291666667 0.6139953703703703 0.6762057291666667 0.8938472222222222 0.30604427083333335 0.8938472222222222
3 0.6640690104166667 0.5719814814814815 0.7603997395833333 0.5719814814814815 0.7603997395833333 0.7530555555555555 0.6640690104166667 0.7530555555555555
3 0.5280559895833332 0.5207777777777778 0.6195846354166666 0.5207777777777778 0.6195846354166666 0.6430277777777778 0.5280559895833332 0.6430277777777778
3 0.47205078125 0.49896990740740743 0.54277734375 0.49896990740740743 0.54277734375 0.5899097222222222 0.47205078125 0.5899097222222222
3 0.44324739583333334 0.4562939814814814 0.4770651041666667 0.4562939814814814 0.4770651041666667 0.534511574074074 0.44324739583333334 0.534511574074074