2 0.8546875 0.34953703703703703 0.7859375 0.34953703703703703 0.7859375 0.5324074074074074 0.8546875 0.5324074074074074
3 0.753125 0.7731481481481481 0.4859375 0.7731481481481481 0.4859375 0.9981481481481481 0.753125 0.9981481481481481
3 0.42155208333333327 0.6213148148148148 0.6140572916666667 0.6213148148148148 0.6140572916666667 0.8236203703703704 0.42155208333333327 0.8236203703703704
3 0.3362942708333333 0.5521435185185185 0.5311692708333333 0.5521435185185185 0.5311692708333333 0.7273564814814815 0.3362942708333333 0.7273564814814815
3 0.3024609375 0.5386134259259259 0.4609661458333333 0.5386134259259259 0.4609661458333333 0.6359050925925926 0.3024609375 0.6359050925925926
3 0.27268880208333335 0.4844791666666666 0.42544140625000004 0.4844791666666666 0.42544140625000004 0.5949930555555555 0.27268880208333335 0.5949930555555555
3 0.4728072916666667 0.4935 0.5656770833333334 0.4935 0.5656770833333334 0.5733333333333334 0.4728072916666667 0.5733333333333334
3 0.4339010416666666 0.4544074074074074 0.5020729166666666 0.4544074074074074 0.5020729166666666 0.5227962962962963 0.4339010416666666 0.5227962962962963
3 0.5973541666666667 0.6097407407407407 0.729328125 0.6097407407407407 0.729328125 0.7331666666666666 0.5973541666666667 0.7331666666666666
3 0.5494869791666666 0.5472175925925926 0.6367213541666668 0.5472175925925926 0.6367213541666668 0.6219861111111111 0.5494869791666666 0.6219861111111111
0 0.0078125 0.41898148148148145 0.2109375 0.41898148148148145 0.2109375 0.7164351851851852 0.0078125 0.7164351851851852