2 0.794365625 0.3592541666666667 0.794365625 0.5389416666666667 0.883428125 0.5389416666666667 0.883428125 0.3592541666666667
1 0.540625 0.3390625 0.540625 0.4453125 0.665625 0.4453125 0.665625 0.3390625
2 0.8840442708333334 0.3757175925925926 0.8840442708333334 0.6710300925925926 0.9965442708333333 0.6710300925925926 0.9965442708333333 0.3757175925925926
1 0.1984375 0.4265625 0.1984375 0.565625 0.4265625 0.565625 0.4265625 0.4265625
1 0.3225598958333334 0.31374537037037037 0.46519531249999996 0.31374537037037037 0.46519531249999996 0.43447685185185186 0.3225598958333334 0.43447685185185186
1 0.43017057291666666 0.32965046296296296 0.5579075520833333 0.32965046296296296 0.5579075520833333 0.4344791666666667 0.43017057291666666 0.4344791666666667
3 0.29358593749999995 0.5537500000000001 0.46682031250000006 0.5537500000000001 0.46682031250000006 0.7088796296296297 0.29358593749999995 0.7088796296296297
3 0.3125091145833333 0.6376087962962963 0.6644492187500001 0.6376087962962963 0.6644492187500001 0.8886597222222221 0.3125091145833333 0.8886597222222221
3 0.6408619791666668 0.5855601851851852 0.7500494791666666 0.5855601851851852 0.7500494791666666 0.7531898148148147 0.6408619791666668 0.7531898148148147
3 0.5173203125 0.5560856481481481 0.6222734375 0.5560856481481481 0.6222734375 0.6408217592592593 0.5173203125 0.6408217592592593
3 0.45716796875000004 0.5026157407407407 0.55612890625 0.5026157407407407 0.55612890625 0.5902731481481481 0.45716796875000004 0.5902731481481481
3 0.43009895833333334 0.45716898148148144 0.48615625 0.45716898148148144 0.48615625 0.5426458333333334 0.43009895833333334 0.5426458333333334