1 0.2109375 0.3953125 0.2109375 0.696875 0.4546875 0.696875 0.4546875 0.3953125
1 0.25 0.3296875 0.25 0.4203125 0.4328125 0.4203125 0.4328125 0.3296875
1 0.6140625 0.340625 0.6140625 0.45625 0.7609375 0.45625 0.7609375 0.340625
1 0.1546875 0.3875 0.1546875 0.6921875 0.4546875 0.6921875 0.4546875 0.3875
1 0.11588541666666667 0.39860879629629636 0.19583333333333333 0.39860879629629636 0.19583333333333333 0.5599004629629629 0.11588541666666667 0.5599004629629629
3 0.3 0.5722222222222222 0.5729166666666666 0.5722222222222222 0.5729166666666666 0.7673703703703704 0.3 0.7673703703703704
3 0.3375 0.6162013888888889 0.6640625 0.6162013888888889 0.6640625 0.9526134259259259 0.3375 0.9526134259259259
3 0.6444114583333334 0.5733703703703704 0.7480052083333334 0.5733703703703704 0.7480052083333334 0.7372685185185185 0.6444114583333334 0.7372685185185185
3 0.5617721354166666 0.5219907407407407 0.6414309895833334 0.5219907407407407 0.6414309895833334 0.6286944444444444 0.5617721354166666 0.6286944444444444
3 0.4881627604166667 0.49870833333333336 0.5688164062500001 0.49870833333333336 0.5688164062500001 0.5978564814814814 0.4881627604166667 0.5978564814814814
3 0.4497760416666667 0.4481296296296296 0.5673697916666668 0.4481296296296296 0.5673697916666668 0.5072962962962962 0.4497760416666667 0.5072962962962962