2 0.8189440104166666 0.3612662037037037 0.9551132812500001 0.3612662037037037 0.9551132812500001 0.5894560185185185 0.8189440104166666 0.5894560185185185
1 0.5765169270833332 0.3959560185185185 0.7688059895833333 0.3959560185185185 0.7688059895833333 0.5550162037037037 0.5765169270833332 0.5550162037037037
1 0.29010546875000004 0.3177638888888889 0.4618111979166667 0.3177638888888889 0.4618111979166667 0.47492129629629626 0.29010546875000004 0.47492129629629626
0 0.01803645833333333 0.4746504629629629 0.18925520833333334 0.4746504629629629 0.18925520833333334 0.7404143518518519 0.01803645833333333 0.7404143518518519
3 0.2578463541666667 0.5378796296296297 0.48901822916666665 0.5378796296296297 0.48901822916666665 0.6862037037037038 0.2578463541666667 0.6862037037037038
3 0.2954440104166667 0.57175 0.5779309895833333 0.57175 0.5779309895833333 0.77475 0.2954440104166667 0.77475
3 0.33608984375 0.6011041666666667 0.6300091145833334 0.6011041666666667 0.6300091145833334 0.9229236111111112 0.33608984375 0.9229236111111112
3 0.7100286458333334 0.6327199074074074 0.9061432291666667 0.6327199074074074 0.9061432291666667 0.8235393518518519 0.7100286458333334 0.8235393518518519
3 0.6325481770833333 0.5740069444444444 0.7140924479166667 0.5740069444444444 0.7140924479166667 0.7602893518518518 0.6325481770833333 0.7602893518518518
3 0.4863059895833333 0.4683958333333333 0.5977981770833334 0.4683958333333333 0.5977981770833334 0.5876782407407407 0.4863059895833333 0.5876782407407407
3 0.45990234374999994 0.4644791666666667 0.4833736979166667 0.4644791666666667 0.4833736979166667 0.5490671296296297 0.45990234374999994 0.5490671296296297
3 0.44009895833333335 0.4488356481481481 0.4587291666666667 0.4488356481481481 0.4587291666666667 0.5208958333333333 0.44009895833333335 0.5208958333333333