3 0.9028645833333333 0.6185185185185185 0.7234375 0.6185185185185185 0.7234375 0.8277777777777777 0.9028645833333333 0.8277777777777777
3 0.7263020833333333 0.7949074074074074 0.4859375 0.7949074074074074 0.4859375 0.9981481481481481 0.7263020833333333 0.9981481481481481
2 0.7910208333333333 0.3504976851851852 0.850875 0.3504976851851852 0.850875 0.4498078703703704 0.7910208333333333 0.4498078703703704
1 0.7992929687500001 0.389261574074074 0.9771966145833333 0.389261574074074 0.9771966145833333 0.5664050925925925 0.7992929687500001 0.5664050925925925
3 0.27772265625 0.482875 0.41914192708333337 0.482875 0.41914192708333337 0.5954027777777777 0.27772265625 0.5954027777777777
3 0.32775781249999997 0.5257916666666667 0.4707109375 0.5257916666666667 0.4707109375 0.6462916666666666 0.32775781249999997 0.6462916666666666
3 0.38479817708333336 0.5546481481481481 0.55650390625 0.5546481481481481 0.55650390625 0.7386574074074074 0.38479817708333336 0.7386574074074074
3 0.44056640625 0.4567476851851852 0.4951731770833333 0.4567476851851852 0.4951731770833333 0.5225856481481482 0.44056640625 0.5225856481481482
3 0.4747682291666667 0.4794189814814815 0.5656640625 0.4794189814814815 0.5656640625 0.5638217592592593 0.4747682291666667 0.5638217592592593
3 0.54896875 0.5433125 0.6278072916666666 0.5433125 0.6278072916666666 0.6330949074074074 0.54896875 0.6330949074074074
3 0.583171875 0.5917476851851853 0.6843854166666666 0.5917476851851853 0.6843854166666666 0.7040208333333333 0.583171875 0.7040208333333333
0 0.014322916666666666 0.4074074074074074 0.1875 0.4074074074074074 0.1875 0.7141203703703703 0.014322916666666666 0.7141203703703703