3 0.2546875 0.5578125 0.2546875 0.75 0.571875 0.75 0.571875 0.5578125
2 0.715625 0.3453125 0.715625 0.5546875 0.765625 0.5546875 0.765625 0.3453125
3 0.4046875 0.646875 0.4046875 0.85625 0.6390625 0.85625 0.6390625 0.646875
2 0.8928697916666667 0.38089120370370366 0.9634947916666666 0.38089120370370366 0.9634947916666666 0.6321828703703704 0.8928697916666667 0.6321828703703704
1 0.18772265625 0.34999074074074077 0.35129296875000005 0.34999074074074077 0.35129296875000005 0.5423796296296296 0.18772265625 0.5423796296296296
3 0.2506614583333333 0.43944444444444447 0.421734375 0.43944444444444447 0.421734375 0.5931388888888889 0.2506614583333333 0.5931388888888889
3 0.24334375000000003 0.5110023148148147 0.4921770833333333 0.5110023148148147 0.4921770833333333 0.6881458333333333 0.24334375000000003 0.6881458333333333
3 0.7071601562500001 0.629724537037037 0.9569075520833333 0.629724537037037 0.9569075520833333 0.8573402777777778 0.7071601562500001 0.8573402777777778
3 0.6111041666666667 0.6037060185185186 0.7168593750000001 0.6037060185185186 0.7168593750000001 0.7428125 0.6111041666666667 0.7428125
3 0.5462513020833334 0.5242500000000001 0.66701953125 0.5242500000000001 0.66701953125 0.6233425925925926 0.5462513020833334 0.6233425925925926
3 0.47440364583333333 0.4885625 0.5419192708333332 0.4885625 0.5419192708333332 0.5451782407407407 0.47440364583333333 0.5451782407407407
3 0.44429166666666664 0.4735347222222222 0.49078125 0.4735347222222222 0.49078125 0.5309004629629629 0.44429166666666664 0.5309004629629629