3 0.390625 0.6484375 0.390625 0.85 0.6359375 0.85 0.6359375 0.6484375
3 0.3260416666666667 0.551386574074074 0.5651041666666666 0.551386574074074 0.5651041666666666 0.7748541666666666 0.3260416666666667 0.7748541666666666
3 0.28958333333333336 0.5074074074074074 0.4908854166666667 0.5074074074074074 0.4908854166666667 0.7100185185185185 0.28958333333333336 0.7100185185185185
3 0.26875 0.4263912037037037 0.4466145833333333 0.4263912037037037 0.4466145833333333 0.5470069444444444 0.26875 0.5470069444444444
0 0.025 0.44027777777777777 0.14583333333333334 0.44027777777777777 0.14583333333333334 0.7007592592592592 0.025 0.7007592592592592
1 0.13229166666666667 0.4726851851851852 0.2760416666666667 0.4726851851851852 0.2760416666666667 0.771148148148148 0.13229166666666667 0.771148148148148
2 0.6666666666666666 0.3337962962962963 0.7395833333333334 0.3337962962962963 0.7395833333333334 0.50625 0.6666666666666666 0.50625
3 0.449921875 0.4506898148148148 0.5181510416666667 0.4506898148148148 0.5181510416666667 0.5373842592592593 0.449921875 0.5373842592592593
3 0.48453125 0.4814537037037037 0.5596822916666667 0.4814537037037037 0.5596822916666667 0.571675925925926 0.48453125 0.571675925925926
3 0.5494231770833333 0.505625 0.6501601562499999 0.505625 0.6501601562499999 0.6042083333333333 0.5494231770833333 0.6042083333333333
3 0.6316197916666667 0.601212962962963 0.7119635416666665 0.601212962962963 0.7119635416666665 0.7158703703703704 0.6316197916666667 0.7158703703703704
3 0.6849934895833333 0.6484583333333332 0.9126731770833333 0.6484583333333332 0.9126731770833333 0.8099490740740741 0.6849934895833333 0.8099490740740741