1 0.4372130208333333 0.34648240740740743 0.4372130208333333 0.46366990740740743 0.6137755208333334 0.46366990740740743 0.6137755208333334 0.34648240740740743
1 0.196875 0.35 0.196875 0.4125 0.378125 0.4125 0.378125 0.35
2 0.8390625 0.384375 0.8390625 0.4921875 0.9546875 0.4921875 0.9546875 0.384375
1 0.4047609375 0.3365097222222222 0.4047609375 0.3911972222222222 0.5156984375 0.3911972222222222 0.5156984375 0.3365097222222222
3 0.6 0.58125 0.6 0.734375 0.7734375 0.734375 0.7734375 0.58125
3 0.5253203125 0.5221087962962964 0.6222265625 0.5221087962962964 0.6222265625 0.6804467592592592 0.5253203125 0.6804467592592592
3 0.4746432291666666 0.4803541666666667 0.5460859374999999 0.4803541666666667 0.5460859374999999 0.5846087962962964 0.4746432291666666 0.5846087962962964
3 0.44127083333333333 0.44519675925925933 0.49516145833333336 0.44519675925925933 0.49516145833333336 0.5635069444444445 0.44127083333333333 0.5635069444444445
1 0.21399218750000001 0.4151342592592593 0.40251302083333335 0.4151342592592593 0.40251302083333335 0.6744398148148149 0.21399218750000001 0.6744398148148149
1 0.1388802083333333 0.38208564814814805 0.27051041666666664 0.38208564814814805 0.27051041666666664 0.6731180555555555 0.1388802083333333 0.6731180555555555
1 0.3748359375 0.33588425925925924 0.4099817708333333 0.33588425925925924 0.4099817708333333 0.39170833333333327 0.3748359375 0.39170833333333327
1 0.846609375 0.42786111111111114 0.938546875 0.42786111111111114 0.938546875 0.7445555555555555 0.846609375 0.7445555555555555