1 0.75625 0.26865671641791045 0.296875 0.26865671641791045 0.296875 0.582089552238806 0.75625 0.582089552238806
1 0.5802083333333333 0.20187033582089556 0.7716666666666666 0.20187033582089556 0.7716666666666666 0.35126399253731344 0.5802083333333333 0.35126399253731344
1 0.3741666666666667 0.304472947761194 0.7770833333333333 0.304472947761194 0.7770833333333333 0.9424860074626866 0.3741666666666667 0.9424860074626866
1 0.4322916666666667 0.17648787313432834 0.5916666666666667 0.17648787313432834 0.5916666666666667 0.28705690298507464 0.4322916666666667 0.28705690298507464
1 0.3541666666666667 0.17014925373134326 0.4510416666666667 0.17014925373134326 0.4510416666666667 0.37664179104477613 0.3541666666666667 0.37664179104477613
3 0.2983333333333333 0.3753684701492538 0.415625 0.3753684701492538 0.415625 0.5259375000000001 0.2983333333333333 0.5259375000000001
3 0.21666666666666667 0.5563432835820895 0.5083333333333333 0.5563432835820895 0.5083333333333333 0.9663805970149254 0.21666666666666667 0.9663805970149254
3 0.1 0.6682835820895523 0.38416666666666666 0.6682835820895523 0.38416666666666666 1 0.1 1
3 0.08166666666666665 0.5824580223880598 0.21145833333333333 0.5824580223880598 0.21145833333333333 0.7663106343283582 0.08166666666666665 0.7663106343283582
3 0 0.8772388059701494 0.058333333333333334 0.8772388059701494 0.058333333333333334 1 0 1
3 0 0.802616604477612 0.0475 0.802616604477612 0.0475 0.8902378731343283 0 0.8902378731343283
0 0.7557864583333332 0.24460820895522387 0.999703125 0.24460820895522387 0.999703125 0.6947947761194029 0.7557864583333332 0.6947947761194029