1 0.4234375 0.3453125 0.4234375 0.4640625 0.5984375 0.4640625 0.5984375 0.3453125
1 0.6296875 0.3734375 0.6296875 0.4484375 0.7640625 0.4484375 0.7640625 0.3734375
3 0.596875 0.58125 0.596875 0.734375 0.759375 0.734375 0.759375 0.58125
1 0.21875 0.353125 0.21875 0.4109375 0.2265625 0.4109375 0.228125 0.4125 0.3828125 0.4125 0.3828125 0.353125
1 0.3625 0.31875 0.3625 0.3828125 0.5578125 0.3828125 0.5578125 0.31875
1 0.20520833333333333 0.4078703703703704 0.4283854166666667 0.4078703703703704 0.4283854166666667 0.7007592592592592 0.20520833333333333 0.7007592592592592
1 0.12916666666666668 0.38935185185185184 0.27734375 0.38935185185185184 0.27734375 0.61925 0.12916666666666668 0.61925
3 0.47393359375 0.48746990740740737 0.5362330729166666 0.48746990740740737 0.5362330729166666 0.6109097222222223 0.47393359375 0.6109097222222223
3 0.4331588541666667 0.4518171296296296 0.4848984375 0.4518171296296296 0.4848984375 0.5605069444444444 0.4331588541666667 0.5605069444444444
3 0.5334283854166666 0.4934074074074074 0.6255403645833333 0.4934074074074074 0.6255403645833333 0.6660648148148148 0.5334283854166666 0.6660648148148148
1 0.6888294270833332 0.3996018518518518 0.92548828125 0.3996018518518518 0.92548828125 0.6189629629629629 0.6888294270833332 0.6189629629629629
1 0.4476731770833334 0.326337962962963 0.5722434895833334 0.326337962962963 0.5722434895833334 0.3930694444444444 0.4476731770833334 0.3930694444444444