2 0.9270833333333334 0.39861111111111114 1 0.39861111111111114 1 0.6729722222222222 0.9270833333333334 0.6729722222222222
2 0.6940104166666666 0.32453472222222224 0.7760416666666666 0.32453472222222224 0.7760416666666666 0.5414467592592593 0.6940104166666666 0.5414467592592593
1 0.16041666666666668 0.34536805555555555 0.3346354166666667 0.34536805555555555 0.3346354166666667 0.5692337962962963 0.16041666666666668 0.5692337962962963
3 0.2439739583333333 0.4258194444444444 0.42740104166666665 0.4258194444444444 0.42740104166666665 0.6061157407407407 0.2439739583333333 0.6061157407407407
3 0.23952473958333334 0.4950763888888888 0.49863671875 0.4950763888888888 0.49863671875 0.7027106481481482 0.23952473958333334 0.7027106481481482
3 0.28938671875000005 0.5742199074074074 0.4997486979166667 0.5742199074074074 0.4997486979166667 0.8008819444444444 0.28938671875000005 0.8008819444444444
3 0.34192057291666667 0.5940115740740741 0.6310846354166667 0.5940115740740741 0.6310846354166667 0.9370624999999999 0.34192057291666667 0.9370624999999999
3 0.6945364583333333 0.6193935185185184 0.9091770833333334 0.6193935185185184 0.9091770833333334 0.8348101851851852 0.6945364583333333 0.8348101851851852
3 0.6012981770833333 0.5923333333333334 0.72650390625 0.5923333333333334 0.72650390625 0.7346481481481482 0.6012981770833333 0.7346481481481482
3 0.5423085937500001 0.5094513888888889 0.6937747395833334 0.5094513888888889 0.6937747395833334 0.664261574074074 0.5423085937500001 0.664261574074074
3 0.4433606770833334 0.4451805555555555 0.5187122395833333 0.4451805555555555 0.5187122395833333 0.5532731481481481 0.4433606770833334 0.5532731481481481
3 0.47070572916666664 0.4923194444444445 0.5392786458333333 0.4923194444444445 0.5392786458333333 0.5863379629629629 0.47070572916666664 0.5863379629629629