2 0.715625 0.346875 0.715625 0.5546875 0.7640625 0.5546875 0.7640625 0.346875
1 0.17812890625 0.3551620370370371 0.30195442708333337 0.3551620370370371 0.30195442708333337 0.551412037037037 0.17812890625 0.551412037037037
3 0.23902473958333334 0.44989583333333333 0.43474609375000006 0.44989583333333333 0.43474609375000006 0.5851041666666666 0.23902473958333334 0.5851041666666666
3 0.24579166666666666 0.514550925925926 0.50071875 0.514550925925926 0.50071875 0.6597083333333333 0.24579166666666666 0.6597083333333333
3 0.28706901041666666 0.5777060185185185 0.4998736979166667 0.5777060185185185 0.4998736979166667 0.7908680555555555 0.28706901041666666 0.7908680555555555
3 0.3696184895833333 0.5987592592592593 0.6233606770833333 0.5987592592592593 0.6233606770833333 1 0.3696184895833333 1
3 0.6165950520833333 0.5720208333333333 0.7106497395833333 0.5720208333333333 0.7106497395833333 0.7249699074074074 0.6165950520833333 0.7249699074074074
3 0.7003294270833333 0.6020949074074075 0.9197330729166667 0.6020949074074075 0.9197330729166667 0.8645532407407407 0.7003294270833333 0.8645532407407407
3 0.5465898437500001 0.4989699074074073 0.6762955729166666 0.4989699074074073 0.6762955729166666 0.6404837962962963 0.5465898437500001 0.6404837962962963
3 0.44753645833333333 0.4655486111111111 0.5172343749999999 0.4655486111111111 0.5172343749999999 0.5314513888888889 0.44753645833333333 0.5314513888888889
3 0.4800729166666667 0.48097222222222225 0.549046875 0.48097222222222225 0.549046875 0.606537037037037 0.4800729166666667 0.606537037037037
2 0.9341718750000001 0.39595833333333336 1 0.39595833333333336 1 0.694689814814815 0.9341718750000001 0.694689814814815