1 0.784375 0.20055970149253732 0.5635416666666667 0.20055970149253732 0.5635416666666667 0.3218283582089552 0.784375 0.3218283582089552
1 0.9734375 0.2294776119402985 0.8125 0.2294776119402985 0.8125 0.6604477611940298 0.9734375 0.6604477611940298
3 0.4322916666666667 0.3843283582089552 0.3072916666666667 0.3843283582089552 0.3072916666666667 0.4906716417910448 0.4322916666666667 0.4906716417910448
1 0.5266666666666666 0.30074160447761195 0.796875 0.30074160447761195 0.796875 0.6991277985074626 0.5266666666666666 0.6991277985074626
1 0.43020833333333336 0.30184701492537314 0.6375 0.30184701492537314 0.6375 0.5692350746268657 0.43020833333333336 0.5692350746268657
1 0.3533333333333334 0.157089552238806 0.5125 0.157089552238806 0.5125 0.3661940298507463 0.3533333333333334 0.3661940298507463
3 0.08416666666666668 0.5973833955223882 0.20416666666666666 0.5973833955223882 0.20416666666666666 0.7663106343283582 0.08416666666666668 0.7663106343283582
3 0.10520833333333333 0.657089552238806 0.3825 0.657089552238806 0.3825 1 0.10520833333333333 1
3 0.23749999999999996 0.5563432835820895 0.5008333333333332 0.5563432835820895 0.5008333333333332 0.9723507462686566 0.23749999999999996 0.9723507462686566
3 0 0.8585820895522389 0.065625 0.8585820895522389 0.065625 1 0 1
3 0 0.825 0.03125 0.825 0.03125 0.8663432835820895 0 0.8663432835820895
1 0.2883333333333333 0.3735074626865672 0.7083333333333334 0.3735074626865672 0.7083333333333334 1 0.2883333333333333 1