3 0.60625 0.5796875 0.60625 0.725 0.7890625 0.725 0.7890625 0.5796875
1 0.19375 0.35 0.19375 0.4078125 0.3703125 0.4078125 0.3703125 0.35
1 0.45048567708333337 0.34749768518518515 0.59880078125 0.34749768518518515 0.59880078125 0.4701412037037037 0.45048567708333337 0.4701412037037037
1 0.4459765625 0.3141018518518518 0.5518359375 0.3141018518518518 0.5518359375 0.3892962962962963 0.4459765625 0.3892962962962963
1 0.21463020833333335 0.4159837962962962 0.4191666666666667 0.4159837962962962 0.4191666666666667 0.6655625000000001 0.21463020833333335 0.6655625000000001
1 0.13965234375000002 0.3885185185185185 0.26468098958333336 0.3885185185185185 0.26468098958333336 0.6553055555555556 0.13965234375000002 0.6553055555555556
3 0.5275299479166666 0.4982013888888889 0.6146002604166667 0.4982013888888889 0.6146002604166667 0.6848356481481482 0.5275299479166666 0.6848356481481482
3 0.4722200520833333 0.49291898148148144 0.5451341145833334 0.49291898148148144 0.5451341145833334 0.6163032407407408 0.4722200520833333 0.6163032407407408
3 0.42642708333333335 0.4611990740740741 0.48946875 0.4611990740740741 0.48946875 0.5773842592592593 0.42642708333333335 0.5773842592592593
1 0.6959726562499999 0.3460625 0.7783346354166667 0.3460625 0.7783346354166667 0.5663541666666667 0.6959726562499999 0.5663541666666667
2 0.8190611979166665 0.3703726851851851 0.9041575520833334 0.3703726851851851 0.9041575520833334 0.5966180555555555 0.8190611979166665 0.5966180555555555