3 0.6763020833333333 0.4777777777777778 0.4796875 0.4777777777777778 0.4796875 0.5796296296296296 0.6763020833333333 0.5796296296296296
3 0.753125 0.7592592592592593 0.4859375 0.7592592592592593 0.4859375 0.9981481481481481 0.753125 0.9981481481481481
2 0.90234375 0.3962962962962963 1 0.3962962962962963 1 0.5544166666666667 0.90234375 0.5544166666666667
1 0.821875 0.4356458333333333 0.9466145833333334 0.4356458333333333 0.9466145833333334 0.7767060185185185 0.821875 0.7767060185185185
2 0.7838541666666666 0.3523148148148148 0.865625 0.3523148148148148 0.865625 0.49699074074074073 0.7838541666666666 0.49699074074074073
3 0.25840104166666666 0.48225462962962967 0.4244010416666667 0.48225462962962967 0.4244010416666667 0.6119675925925926 0.25840104166666666 0.6119675925925926
3 0.27980078124999996 0.5233888888888889 0.4793502604166667 0.5233888888888889 0.4793502604166667 0.6510555555555556 0.27980078124999996 0.6510555555555556
3 0.3463177083333333 0.5735162037037037 0.5516510416666667 0.5735162037037037 0.5516510416666667 0.7508263888888889 0.3463177083333333 0.7508263888888889
3 0.36771875 0.6377824074074073 0.6384114583333333 0.6377824074074073 0.6384114583333333 0.8351712962962963 0.36771875 0.8351712962962963
3 0.6051510416666666 0.6017962962962964 0.7182291666666667 0.6017962962962964 0.7182291666666667 0.7199722222222221 0.6051510416666666 0.7199722222222221
3 0.44175390625 0.4565532407407408 0.4822408854166666 0.4565532407407408 0.4822408854166666 0.534826388888889 0.44175390625 0.534826388888889