2 0.7984375 0.36875 0.7984375 0.5078125 0.89375 0.5078125 0.89375 0.5015625 0.8953125 0.5 0.8953125 0.496875 0.896875 0.4953125 0.8984375 0.4953125 0.8984375 0.36875
1 0.2 0.3484375 0.2 0.4125 0.20625 0.4125 0.2078125 0.4109375 0.2234375 0.4109375 0.225 0.4125 0.2828125 0.4125 0.284375 0.4140625 0.390625 0.4140625 0.390625 0.3484375
1 0.1390625 0.3984375 0.1390625 0.5875 0.35625 0.5875 0.35625 0.3984375
1 0.4671875 0.3328125 0.4671875 0.4390625 0.6328125 0.4390625 0.6328125 0.3328125
0 0.025921874999999997 0.4149837962962963 0.14270833333333333 0.4149837962962963 0.14270833333333333 0.7132476851851852 0.025921874999999997 0.7132476851851852
1 0.8103411458333334 0.459724537037037 0.9609557291666666 0.459724537037037 0.9609557291666666 0.8121180555555555 0.8103411458333334 0.8121180555555555
3 0.5111236979166667 0.5336643518518519 0.61857421875 0.5336643518518519 0.61857421875 0.657900462962963 0.5111236979166667 0.657900462962963
3 0.6227591145833333 0.574525462962963 0.7395221354166667 0.574525462962963 0.7395221354166667 0.7427893518518518 0.6227591145833333 0.7427893518518518
2 0.95938671875 0.4114282407407407 0.9999986979166666 0.4114282407407407 0.9999986979166666 0.6814791666666666 0.95938671875 0.6814791666666666
2 0.91397265625 0.39806250000000004 0.95812109375 0.39806250000000004 0.95812109375 0.4611412037037037 0.91397265625 0.4611412037037037
2 0.4323229166666666 0.44893287037037033 0.48944270833333337 0.44893287037037033 0.48944270833333337 0.522224537037037 0.4323229166666666 0.522224537037037
2 0.4666158854166667 0.4699305555555556 0.6035455729166667 0.4699305555555556 0.6035455729166667 0.5658564814814815 0.4666158854166667 0.5658564814814815