1 0.1515625 0.4 0.1515625 0.5875 0.3484375 0.5875 0.3484375 0.4
2 0.7859375 0.36875 0.7859375 0.5484375 0.9 0.5484375 0.9 0.36875
1 0.4609375 0.33125 0.4609375 0.4421875 0.6328125 0.4421875 0.6328125 0.33125
1 0.2109375 0.346875 0.2109375 0.4140625 0.2140625 0.4140625 0.215625 0.4125 0.2390625 0.4125 0.240625 0.4140625 0.2453125 0.4140625 0.246875 0.415625 0.2453125 0.4171875 0.39375 0.4171875 0.39375 0.346875
0 0.00625 0.4515625 0.00625 0.6671875 0.1515625 0.6671875 0.1515625 0.4515625
2 0.9145572916666665 0.38800462962962967 0.9736770833333334 0.38800462962962967 0.9736770833333334 0.4602731481481481 0.9145572916666665 0.4602731481481481
2 0.96180859375 0.3993703703703703 0.9999986979166666 0.3993703703703703 0.9999986979166666 0.6773425925925926 0.96180859375 0.6773425925925926
1 0.8086445312499999 0.449025462962963 0.9487721354166666 0.449025462962963 0.9487721354166666 0.7736319444444445 0.8086445312499999 0.7736319444444445
3 0.6266184895833333 0.5797916666666667 0.7382460937499999 0.5797916666666667 0.7382460937499999 0.7495601851851852 0.6266184895833333 0.7495601851851852
3 0.4457552083333333 0.4619768518518519 0.5105104166666666 0.4619768518518519 0.5105104166666666 0.5386435185185185 0.4457552083333333 0.5386435185185185
3 0.46344401041666666 0.49468055555555557 0.5480611979166666 0.49468055555555557 0.5480611979166666 0.5935231481481481 0.46344401041666666 0.5935231481481481
3 0.5129713541666666 0.5210949074074074 0.6267630208333334 0.5210949074074074 0.6267630208333334 0.6593773148148149 0.5129713541666666 0.6593773148148149