1 0.446875 0.3484375 0.446875 0.4703125 0.634375 0.4703125 0.634375 0.3484375
1 0.2453125 0.340625 0.2453125 0.4140625 0.415625 0.4140625 0.415625 0.340625
3 0.315625 0.5953125 0.315625 0.9796875 0.4671875 0.9796875 0.4671875 0.9640625 0.46875 0.9625 0.46875 0.959375 0.4703125 0.9578125 0.471875 0.959375 0.471875 0.9609375 0.4734375 0.9625 0.4734375 0.978125 0.475 0.9796875 0.690625 0.9796875 0.690625 0.5953125
2 0.8919283854166667 0.36805555555555564 0.9979361979166667 0.36805555555555564 0.9979361979166667 0.6223518518518519 0.8919283854166667 0.6223518518518519
0 0.033988281249999995 0.4690625 0.16812630208333335 0.4690625 0.16812630208333335 0.7331041666666666 0.033988281249999995 0.7331041666666666
1 0.03934244791666666 0.42979398148148146 0.17544401041666666 0.42979398148148146 0.17544401041666666 0.5110023148148147 0.03934244791666666 0.5110023148148147
1 0.09639843749999999 0.4155115740740741 0.1998359375 0.4155115740740741 0.1998359375 0.48257175925925927 0.09639843749999999 0.48257175925925927
1 0.18945182291666668 0.44860185185185186 0.49076692708333336 0.44860185185185186 0.49076692708333336 0.7663796296296297 0.18945182291666668 0.7663796296296297
3 0.5253723958333333 0.5349328703703703 0.6570130208333332 0.5349328703703703 0.6570130208333332 0.6416967592592593 0.5253723958333333 0.6416967592592593
3 0.476484375 0.4884212962962963 0.5218489583333333 0.4884212962962963 0.5218489583333333 0.5749398148148148 0.476484375 0.5749398148148148
3 0.4247330729166667 0.5557453703703704 0.45789192708333337 0.5557453703703704 0.45789192708333337 0.6363564814814815 0.4247330729166667 0.6363564814814815