1 0.8057291666666667 0.27238805970149255 0.5557291666666667 0.27238805970149255 0.5557291666666667 0.6716417910447762 0.8057291666666667 0.6716417910447762
3 0.5421875 0.4430970149253731 0.3572916666666667 0.4430970149253731 0.3572916666666667 0.5886194029850746 0.5296875 0.5886194029850746 0.5302083333333333 0.5848880597014925 0.5359375 0.5811567164179104 0.5421875 0.5718283582089553
1 0.9526041666666667 0.22014925373134328 0.85 0.22014925373134328 0.85 0.6343283582089553 0.9526041666666667 0.6343283582089553
3 0.225 0.5712733208955224 0.5141666666666667 0.5712733208955224 0.5141666666666667 0.9574207089552239 0.225 0.9574207089552239
1 0.31666666666666665 0.34925373134328364 0.7520833333333333 0.34925373134328364 0.7520833333333333 1 0.31666666666666665 1
3 0.30833333333333335 0.345517723880597 0.49583333333333335 0.345517723880597 0.49583333333333335 0.5214598880597014 0.30833333333333335 0.5214598880597014
1 0.37000000000000005 0.1832089552238806 0.53125 0.1832089552238806 0.53125 0.3303544776119403 0.37000000000000005 0.3303544776119403
3 0.085 0.6048460820895523 0.21041666666666667 0.6048460820895523 0.21041666666666667 0.7543703358208955 0.085 0.7543703358208955
3 0.08541666666666667 0.6906716417910449 0.38666666666666666 0.6906716417910449 0.38666666666666666 1 0.08541666666666667 1
3 0 0.8660447761194031 0.06145833333333333 0.8660447761194031 0.06145833333333333 1 0 1
3 0 0.8026119402985076 0.030208333333333334 0.8026119402985076 0.030208333333333334 0.8708208955223881 0 0.8708208955223881