3 0.5359375 0.4412313432835821 0.353125 0.4412313432835821 0.353125 0.6007462686567164 0.5359375 0.6007462686567164
1 0.9109375 0.20615671641791045 0.8234375 0.20615671641791045 0.8234375 0.5904850746268657 0.9109375 0.5904850746268657
1 0.3658333333333334 0.1645569029850746 0.5291666666666667 0.1645569029850746 0.5291666666666667 0.3542490671641791 0.3658333333333334 0.3542490671641791
1 0.5433333333333332 0.25970149253731345 0.7989583333333333 0.25970149253731345 0.7989583333333333 0.7931902985074627 0.5433333333333332 0.7931902985074627
1 0.08083333333333335 0.49291044776119414 0.6239583333333333 0.49291044776119414 0.6239583333333333 1 0.08083333333333335 1
3 0 0.8716417910447762 0.07395833333333333 0.8716417910447762 0.07395833333333333 1 0 1
3 0 0.782089552238806 0.029166666666666667 0.782089552238806 0.029166666666666667 0.8689179104477612 0 0.8689179104477612
3 0.09333333333333334 0.5843283582089552 0.20416666666666666 0.5843283582089552 0.20416666666666666 0.7330597014925373 0.09333333333333334 0.7330597014925373
3 0.09166666666666666 0.6850792910447762 0.1625 0.6850792910447762 0.1625 0.776357276119403 0.09166666666666666 0.776357276119403
3 0.22395833333333334 0.5582089552238806 0.39166666666666666 0.5582089552238806 0.39166666666666666 0.7479850746268657 0.22395833333333334 0.7479850746268657
3 0.3016666666666667 0.33619402985074626 0.49270833333333336 0.33619402985074626 0.49270833333333336 0.5001492537313432 0.3016666666666667 0.5001492537313432
3 0.5354166666666667 0.29142257462686566 0.6075 0.29142257462686566 0.6075 0.4195289179104478 0.5354166666666667 0.4195289179104478