1 0.9651041666666667 0.21361940298507462 0.7984375 0.21361940298507462 0.7984375 0.6343283582089553 0.9651041666666667 0.6343283582089553
3 0.4375 0.3843283582089552 0.3026041666666667 0.3843283582089552 0.3026041666666667 0.48880597014925375 0.3182291666666667 0.48880597014925375 0.31979166666666664 0.48600746268656714 0.3375 0.4841417910447761 0.35572916666666665 0.48600746268656714 0.3572916666666667 0.48880597014925375 0.4375 0.48880597014925375
1 0.35916666666666663 0.1682882462686567 0.5302083333333333 0.1682882462686567 0.5302083333333333 0.34977145522388065 0.35916666666666663 0.34977145522388065
1 0.5183333333333333 0.18320895522388062 0.7427083333333333 0.18320895522388062 0.7427083333333333 0.43188432835820895 0.5183333333333333 0.43188432835820895
1 0.4525 0.26343283582089555 0.815625 0.26343283582089555 0.815625 0.7409328358208955 0.4525 0.7409328358208955
1 0.3458333333333333 0.3361893656716418 0.75 0.3361893656716418 0.75 0.9977285447761195 0.3458333333333333 0.9977285447761195
3 0.22708333333333333 0.575 0.515 0.575 0.515 0.9723507462686566 0.22708333333333333 0.9723507462686566
3 0.3541666666666667 0.43880597014925377 0.49416666666666664 0.43880597014925377 0.49416666666666664 0.6185074626865671 0.3541666666666667 0.6185074626865671
3 0.07666666666666667 0.5843283582089552 0.21145833333333333 0.5843283582089552 0.21145833333333333 0.7842350746268656 0.07666666666666667 0.7842350746268656
3 0.096875 0.6720149253731345 0.38 0.6720149253731345 0.38 1 0.096875 1
3 0 0.862313432835821 0.0625 0.862313432835821 0.0625 1 0 1
3 0 0.8119402985074626 0.05416666666666667 0.8119402985074626 0.05416666666666667 0.8738059701492537 0 0.8738059701492537