0 0.033854166666666664 0.4240717592592592 0.1375 0.4240717592592592 0.1375 0.6914930555555555 0.033854166666666664 0.6914930555555555
1 0.23463541666666668 0.3199097222222222 0.39453125 0.3199097222222222 0.39453125 0.4205902777777778 0.23463541666666668 0.4205902777777778
1 0.15234375 0.4055578703703704 0.22734375 0.4055578703703704 0.22734375 0.5095069444444444 0.15234375 0.5095069444444444
1 0.14322916666666666 0.4981458333333334 0.28880208333333335 0.4981458333333334 0.28880208333333335 0.8855486111111112 0.14322916666666666 0.8855486111111112
1 0.19872005208333335 0.417375 0.29105598958333334 0.417375 0.29105598958333334 0.5022824074074075 0.19872005208333335 0.5022824074074075
1 0.22250130208333332 0.41874999999999996 0.48869661458333336 0.41874999999999996 0.48869661458333336 0.6093703703703702 0.22250130208333332 0.6093703703703702
3 0.30294921875 0.5717939814814815 0.5663372395833334 0.5717939814814815 0.5663372395833334 0.7605300925925926 0.30294921875 0.7605300925925926
3 0.31841145833333334 0.6210462962962963 0.6642708333333334 0.6210462962962963 0.6642708333333334 0.944138888888889 0.31841145833333334 0.944138888888889
3 0.6616927083333333 0.5451041666666667 0.759625 0.5451041666666667 0.759625 0.7333124999999999 0.6616927083333333 0.7333124999999999
3 0.5620338541666666 0.5114814814814814 0.6617057291666666 0.5114814814814814 0.6617057291666666 0.6309907407407407 0.5620338541666666 0.6309907407407407
3 0.48547395833333334 0.49875694444444446 0.574125 0.49875694444444446 0.574125 0.6060486111111112 0.48547395833333334 0.6060486111111112
3 0.4772447916666667 0.471412037037037 0.593015625 0.471412037037037 0.593015625 0.5150046296296296 0.4772447916666667 0.5150046296296296