3 0.5171875 0.44029850746268656 0.3572916666666667 0.44029850746268656 0.3572916666666667 0.5979477611940298 0.5171875 0.5979477611940298
1 0.7822916666666667 0.20055970149253732 0.5635416666666667 0.20055970149253732 0.5635416666666667 0.3218283582089552 0.7822916666666667 0.3218283582089552
1 0.9510416666666667 0.22574626865671643 0.8026041666666667 0.22574626865671643 0.8026041666666667 0.6529850746268657 0.9510416666666667 0.6529850746268657
1 0.7859375 0.29850746268656714 0.5213541666666667 0.29850746268656714 0.5213541666666667 0.6875 0.7859375 0.6875
1 0.5260416666666666 0.15764925373134328 0.353125 0.15764925373134328 0.353125 0.34048507462686567 0.5260416666666666 0.34048507462686567
3 0.29666666666666663 0.37909981343283583 0.44166666666666665 0.37909981343283583 0.44166666666666665 0.5289225746268656 0.29666666666666663 0.5289225746268656
3 0.07416666666666666 0.6011240671641792 0.20625 0.6011240671641792 0.20625 0.7737826492537313 0.07416666666666666 0.7737826492537313
3 0.10208333333333333 0.6514925373134329 0.3891666666666667 0.6514925373134329 0.3891666666666667 1 0.10208333333333333 1
3 0.23229166666666667 0.5675419776119403 0.5041666666666667 0.5675419776119403 0.5041666666666667 0.9618983208955224 0.23229166666666667 0.9618983208955224
1 0.22416666666666668 0.38470149253731345 0.7145833333333333 0.38470149253731345 0.7145833333333333 1 0.22416666666666668 1
3 0 0.862313432835821 0.06770833333333333 0.862313432835821 0.06770833333333333 1 0 1
3 0 0.8063432835820895 0.03333333333333333 0.8063432835820895 0.03333333333333333 0.8678358208955225 0 0.8678358208955225