3 0.5197916666666667 0.4412313432835821 0.3494791666666667 0.4412313432835821 0.3494791666666667 0.6072761194029851 0.5109375 0.6072761194029851 0.5192708333333333 0.601679104477612
1 0.784375 0.20242537313432835 0.5609375 0.20242537313432835 0.5609375 0.3218283582089552 0.784375 0.3218283582089552
1 0.9572916666666667 0.22014925373134328 0.7859375 0.22014925373134328 0.7859375 0.6305970149253731 0.9572916666666667 0.6305970149253731
1 0.784375 0.2966417910447761 0.5171875 0.2966417910447761 0.5171875 0.6613805970149254 0.784375 0.6613805970149254
1 0.34 0.35858208955223886 0.7708333333333334 0.35858208955223886 0.7708333333333334 0.9902611940298507 0.34 0.9902611940298507
1 0.37166666666666665 0.17015391791044773 0.5291666666666667 0.17015391791044773 0.5291666666666667 0.35275652985074624 0.37166666666666665 0.35275652985074624
3 0.29666666666666663 0.37351212686567165 0.4354166666666667 0.37351212686567165 0.4354166666666667 0.5349020522388059 0.29666666666666663 0.5349020522388059
3 0.24166666666666664 0.5563432835820895 0.5175 0.5563432835820895 0.5175 0.9678731343283582 0.24166666666666664 0.9678731343283582
3 0.07291666666666667 0.6888059701492538 0.36833333333333335 0.6888059701492538 0.36833333333333335 1 0.07291666666666667 1
3 0.06583333333333333 0.5899300373134329 0.21354166666666666 0.5899300373134329 0.21354166666666666 0.7707975746268657 0.06583333333333333 0.7707975746268657
3 0.001666666666666668 0.8194029850746268 0.03229166666666667 0.8194029850746268 0.03229166666666667 0.9081529850746269 0.001666666666666668 0.9081529850746269