1 0.446875 0.324537037037037 0.275 0.324537037037037 0.275 0.44351851851851853 0.446875 0.44351851851851853
1 0.7747395833333334 0.36064814814814816 0.6 0.36064814814814816 0.6 0.5263888888888889 0.7747395833333334 0.5263888888888889
3 0.9028645833333333 0.6421296296296296 0.6950520833333333 0.6421296296296296 0.6950520833333333 0.8342592592592593 0.9028645833333333 0.8342592592592593
3 0.71875 0.7685185185185185 0.4859375 0.7685185185185185 0.4859375 0.9981481481481481 0.71875 0.9981481481481481
3 0.30107682291666665 0.49042361111111116 0.42534505208333334 0.49042361111111116 0.42534505208333334 0.6076967592592593 0.30107682291666665 0.6076967592592593
3 0.3362096354166667 0.5207870370370371 0.46600911458333333 0.5207870370370371 0.46600911458333333 0.6539814814814814 0.3362096354166667 0.6539814814814814
3 0.3941145833333334 0.5612708333333334 0.5489635416666666 0.5612708333333334 0.5489635416666666 0.7176180555555556 0.3941145833333334 0.7176180555555556
3 0.45917708333333335 0.5945208333333333 0.5977604166666667 0.5945208333333333 0.5977604166666667 0.8194328703703704 0.45917708333333335 0.8194328703703704
3 0.5985716145833333 0.5872962962962963 0.68038671875 0.5872962962962963 0.68038671875 0.7037314814814815 0.5985716145833333 0.7037314814814815
3 0.4342916666666667 0.4542777777777778 0.48325 0.4542777777777778 0.48325 0.5313333333333333 0.4342916666666667 0.5313333333333333
3 0.4871536458333333 0.5019907407407407 0.5606744791666666 0.5019907407407407 0.5606744791666666 0.5660462962962963 0.4871536458333333 0.5660462962962963