3 0.909375 0.6171296296296296 0.7263020833333333 0.6171296296296296 0.7263020833333333 0.8277777777777777 0.909375 0.8277777777777777
3 0.6809895833333334 0.4777777777777778 0.4859375 0.4777777777777778 0.4859375 0.5842592592592593 0.6809895833333334 0.5842592592592593
3 0.7513020833333334 0.7620370370370371 0.4875 0.7620370370370371 0.4875 0.9981481481481481 0.7513020833333334 0.9981481481481481
1 0.80859375 0.39125 0.9689583333333334 0.39125 0.9689583333333334 0.6133796296296297 0.80859375 0.6133796296296297
2 0.7815260416666666 0.3536597222222222 0.866953125 0.3536597222222222 0.866953125 0.4894421296296296 0.7815260416666666 0.4894421296296296
3 0.27742447916666674 0.4859814814814814 0.4144453125 0.4859814814814814 0.4144453125 0.5905185185185186 0.27742447916666674 0.5905185185185186
3 0.2638919270833333 0.5205671296296297 0.4871861979166667 0.5205671296296297 0.4871861979166667 0.6554976851851851 0.2638919270833333 0.6554976851851851
3 0.31193359375 0.5566550925925926 0.5514674479166667 0.5566550925925926 0.5514674479166667 0.7734189814814815 0.31193359375 0.7734189814814815
3 0.42882552083333336 0.4483912037037037 0.47974218750000003 0.4483912037037037 0.47974218750000003 0.5399791666666667 0.42882552083333336 0.5399791666666667
3 0.53862109375 0.5498472222222223 0.6320768229166666 0.5498472222222223 0.6320768229166666 0.6601527777777777 0.53862109375 0.6601527777777777
3 0.5797565104166666 0.589837962962963 0.6896653645833334 0.589837962962963 0.6896653645833334 0.7095324074074074 0.5797565104166666 0.7095324074074074
0 0.015625 0.4074074074074074 0.17643229166666666 0.4074074074074074 0.17643229166666666 0.7094907407407407 0.015625 0.7094907407407407