1 0.3578125 0.3234375 0.3578125 0.415625 0.5203125 0.415625 0.5203125 0.3234375
1 0.20625 0.3515625 0.20625 0.4125 0.2078125 0.4125 0.209375 0.4109375 0.215625 0.4109375 0.2171875 0.4125 0.2375 0.4125 0.2390625 0.4140625 0.2453125 0.4140625 0.246875 0.415625 0.2453125 0.4171875 0.2421875 0.4171875 0.240625 0.41875 0.2375 0.41875 0.2359375 0.4203125 0.23125 0.4203125 0.2296875 0.421875 0.228125 0.421875 0.2265625 0.4234375 0.3765625 0.4234375 0.3765625 0.3515625
3 0.4390625 0.4703125 0.4390625 0.578125 0.5515625 0.578125 0.5515625 0.4703125
3 0.61875 0.5828125 0.61875 0.740625 0.7671875 0.740625 0.7671875 0.5828125
3 0.5359375 0.5203125 0.5359375 0.646875 0.6484375 0.646875 0.6484375 0.5203125
1 0.20003125 0.4131574074074074 0.39671875 0.4131574074074074 0.39671875 0.6879722222222222 0.20003125 0.6879722222222222
1 0.1352890625 0.3975185185185185 0.2709296875 0.3975185185185185 0.2709296875 0.6717037037037038 0.1352890625 0.6717037037037038
1 0.5912851562500001 0.3424861111111111 0.6637981770833333 0.3424861111111111 0.6637981770833333 0.5069027777777778 0.5912851562500001 0.5069027777777778
1 0.49923437500000006 0.33246759259259256 0.6081927083333334 0.33246759259259256 0.6081927083333334 0.43741203703703707 0.49923437500000006 0.43741203703703707
1 0.7080729166666667 0.38520138888888894 0.8734583333333333 0.38520138888888894 0.8734583333333333 0.6149930555555555 0.7080729166666667 0.6149930555555555
2 0.829421875 0.382974537037037 0.9525208333333333 0.382974537037037 0.9525208333333333 0.5206643518518519 0.829421875 0.5206643518518519