1 0.246875 0.4015625 0.246875 0.5546875 0.4640625 0.5546875 0.4640625 0.4015625
1 0.5375 0.334375 0.5375 0.5125 0.675 0.5125 0.675 0.334375
3 0.2953125 0.490625 0.2953125 0.715625 0.4734375 0.715625 0.4734375 0.490625
3 0.3125638020833333 0.6342615740740741 0.6354153645833333 0.6342615740740741 0.6354153645833333 0.9522662037037037 0.3125638020833333 0.9522662037037037
3 0.6376354166666667 0.5854907407407408 0.7492604166666668 0.5854907407407408 0.7492604166666668 0.7370833333333334 0.6376354166666667 0.7370833333333334
3 0.5159609374999999 0.5448287037037036 0.6149088541666666 0.5448287037037036 0.6149088541666666 0.6436527777777777 0.5159609374999999 0.6436527777777777
3 0.4662604166666667 0.4977499999999999 0.5148854166666667 0.4977499999999999 0.5148854166666667 0.5831203703703703 0.4662604166666667 0.5831203703703703
3 0.4468346354166667 0.46118287037037037 0.47251432291666673 0.46118287037037037 0.47251432291666673 0.5240300925925926 0.4468346354166667 0.5240300925925926
1 0.31423828125 0.32210648148148147 0.4599752604166667 0.32210648148148147 0.4599752604166667 0.4121712962962963 0.31423828125 0.4121712962962963
1 0.43263281249999996 0.3301412037037037 0.5593984375000001 0.3301412037037037 0.5593984375000001 0.4269421296296296 0.43263281249999996 0.4269421296296296
2 0.7939973958333334 0.36561574074074077 0.9237265625000001 0.36561574074074077 0.9237265625000001 0.5444490740740741 0.7939973958333334 0.5444490740740741
2 0.675984375 0.3378449074074074 0.8139531249999999 0.3378449074074074 0.8139531249999999 0.5253773148148149 0.675984375 0.5253773148148149