3 0.9028645833333333 0.6435185185185185 0.7309895833333333 0.6435185185185185 0.7309895833333333 0.8263888888888888 0.9028645833333333 0.8263888888888888
2 0.6671875 0.3125 0.5841145833333333 0.3125 0.5841145833333333 0.4625 0.6671875 0.4625
1 0.3296875 0.33240740740740743 0.184375 0.33240740740740743 0.184375 0.5199074074074074 0.3296875 0.5199074074074074
3 0.75625 0.5810185185185185 0.603125 0.5810185185185185 0.603125 0.7106481481481481 0.75625 0.7106481481481481
3 0.7309895833333333 0.7356481481481482 0.484375 0.7356481481481482 0.484375 0.9981481481481481 0.7309895833333333 0.9981481481481481
3 0.30911458333333336 0.5583356481481481 0.5520833333333334 0.5583356481481481 0.5520833333333334 0.8003310185185185 0.30911458333333336 0.8003310185185185
3 0.27057291666666666 0.5398148148148149 0.48046875 0.5398148148148149 0.48046875 0.6965925925925925 0.27057291666666666 0.6965925925925925
3 0.24973958333333332 0.49351620370370364 0.4309895833333333 0.49351620370370364 0.4309895833333333 0.6465763888888889 0.24973958333333332 0.6465763888888889
3 0.44693229166666665 0.4519328703703704 0.46647916666666667 0.4519328703703704 0.46647916666666667 0.5220856481481482 0.44693229166666665 0.5220856481481482
3 0.4876119791666667 0.4941990740740741 0.5920026041666666 0.4941990740740741 0.5920026041666666 0.5626712962962963 0.4876119791666667 0.5626712962962963
3 0.55531640625 0.5547222222222221 0.6204127604166667 0.5547222222222221 0.6204127604166667 0.6259444444444444 0.55531640625 0.6259444444444444
1 0.5046875 0.3199074074074074 0.3625 0.3199074074074074 0.3625 0.44212962962962965 0.5046875 0.44212962962962965