1 0.671875 0.4468283582089552 0.075 0.4468283582089552 0.075 0.996268656716418 0.671875 0.996268656716418
1 0.9484375 0.20335820895522388 0.8338541666666667 0.20335820895522388 0.8338541666666667 0.5979477611940298 0.9484375 0.5979477611940298
3 0.5213541666666667 0.43470149253731344 0.353125 0.43470149253731344 0.353125 0.5755597014925373 0.5213541666666667 0.5755597014925373
3 0 0.7764925373134328 0.03916666666666667 0.7764925373134328 0.03916666666666667 0.9126305970149254 0 0.9126305970149254
3 0 0.8902985074626867 0.08229166666666667 0.8902985074626867 0.08229166666666667 1 0 1
3 0.06499999999999999 0.5750046641791045 0.2125 0.5750046641791045 0.2125 0.7722901119402985 0.06499999999999999 0.7722901119402985
3 0.090625 0.6701492537313434 0.275 0.6701492537313434 0.275 1 0.090625 1
3 0.23229166666666665 0.552616604477612 0.3758333333333333 0.552616604477612 0.3758333333333333 0.7125699626865671 0.23229166666666665 0.7125699626865671
1 0.5474999999999999 0.2764925373134328 0.796875 0.2764925373134328 0.796875 0.6767350746268657 0.5474999999999999 0.6767350746268657
1 0.3641666666666667 0.1720195895522388 0.534375 0.1720195895522388 0.534375 0.36320429104477614 0.3641666666666667 0.36320429104477614
3 0.2991666666666667 0.3623087686567164 0.43125 0.3623087686567164 0.43125 0.5244449626865672 0.2991666666666667 0.5244449626865672
3 0.5604166666666667 0.3361986940298507 0.6008333333333333 0.3361986940298507 0.6008333333333333 0.4139692164179104 0.5604166666666667 0.4139692164179104