3 0.2769375 0.5131643518518518 0.4324739583333333 0.5131643518518518 0.4324739583333333 0.6452430555555555 0.2769375 0.6452430555555555
3 0.2986484375 0.5599375 0.5776171875 0.5599375 0.5776171875 0.769275462962963 0.2986484375 0.769275462962963
3 0.33568880208333335 0.6009513888888888 0.6150091145833333 0.6009513888888888 0.6150091145833333 0.9123541666666667 0.33568880208333335 0.9123541666666667
3 0.44072265625 0.4419583333333334 0.4568815104166667 0.4419583333333334 0.4568815104166667 0.5239305555555556 0.44072265625 0.5239305555555556
0 0.029223958333333324 0.4416782407407408 0.1773229166666667 0.4416782407407408 0.1773229166666667 0.7143032407407407 0.029223958333333324 0.7143032407407407
2 0.9070572916666667 0.3933518518518519 1 0.3933518518518519 1 0.6389444444444445 0.9070572916666667 0.6389444444444445
2 0.8298424479166666 0.38580555555555557 0.9140013020833333 0.38580555555555557 0.9140013020833333 0.6042129629629629 0.8298424479166666 0.6042129629629629
3 0.6325598958333333 0.5906712962962962 0.7530703125 0.5906712962962962 0.7530703125 0.7396250000000001 0.6325598958333333 0.7396250000000001
3 0.46958072916666665 0.4702060185185185 0.6389609375 0.4702060185185185 0.6389609375 0.5694328703703704 0.46958072916666665 0.5694328703703704
2 0.80263671875 0.38075462962962964 0.8288059895833333 0.38075462962962964 0.8288059895833333 0.5705324074074075 0.80263671875 0.5705324074074075
1 0.13266406249999999 0.4333078703703704 0.17835677083333332 0.4333078703703704 0.17835677083333332 0.4684143518518518 0.13266406249999999 0.4684143518518518
3 0.44978255208333334 0.4620740740740741 0.4726653645833333 0.4620740740740741 0.4726653645833333 0.5644907407407407 0.44978255208333334 0.5644907407407407