1 0.140625 0.4015625 0.140625 0.575 0.353125 0.575 0.353125 0.4015625
1 0.6796875 0.4015625 0.6796875 0.55 0.875 0.55 0.875 0.4015625
1 0.2 0.3484375 0.2 0.4140625 0.20625 0.4140625 0.2078125 0.4125 0.2703125 0.4125 0.271875 0.4140625 0.3796875 0.4140625 0.3796875 0.3484375
3 0.5117268229166666 0.5472486111111111 0.5117268229166666 0.6738111111111111 0.6492268229166667 0.6738111111111111 0.6492268229166667 0.5472486111111111
3 0.6296875 0.5859375 0.6296875 0.7375 0.815625 0.7375 0.815625 0.5859375
0 0.022509114583333333 0.43203472222222217 0.1425013020833333 0.43203472222222217 0.1425013020833333 0.7178263888888888 0.022509114583333333 0.7178263888888888
1 0.85928125 0.41955324074074074 0.950734375 0.41955324074074074 0.950734375 0.7364375 0.85928125 0.7364375
2 0.9594583333333333 0.3965208333333334 1 0.3965208333333334 1 0.7163402777777778 0.9594583333333333 0.7163402777777778
2 0.9036471354166667 0.3983402777777778 0.9672330729166667 0.3983402777777778 0.9672330729166667 0.43947453703703704 0.9036471354166667 0.43947453703703704
3 0.43797265625000004 0.46124305555555556 0.50432421875 0.46124305555555556 0.50432421875 0.5489976851851852 0.43797265625000004 0.5489976851851852
3 0.5083059895833333 0.5112453703703703 0.6688294270833333 0.5112453703703703 0.6688294270833333 0.5612731481481481 0.5083059895833333 0.5612731481481481
2 0.7853971354166667 0.36187268518518517 0.88826953125 0.36187268518518517 0.88826953125 0.4053865740740741 0.7853971354166667 0.4053865740740741