1 0.4265625 0.346875 0.4265625 0.4640625 0.6 0.4640625 0.6 0.346875
1 0.4234375 0.325 0.4234375 0.3921875 0.546875 0.3921875 0.546875 0.325
1 0.196875 0.3515625 0.196875 0.4125 0.2046875 0.4125 0.2078125 0.409375 0.215625 0.409375 0.2171875 0.4109375 0.2234375 0.4109375 0.225 0.4125 0.2359375 0.4125 0.2375 0.4140625 0.2421875 0.4140625 0.24375 0.415625 0.2421875 0.4171875 0.234375 0.4171875 0.2328125 0.41875 0.2296875 0.41875 0.3796875 0.41875 0.3796875 0.3515625
2 0.8265625 0.3828125 0.8265625 0.6109375 0.9625 0.6109375 0.9625 0.3828125
3 0.6015625 0.575 0.6015625 0.728125 0.7765625 0.728125 0.7765625 0.575
3 0.529640625 0.5110370370370371 0.6228229166666667 0.5110370370370371 0.6228229166666667 0.6690092592592592 0.529640625 0.6690092592592592
3 0.471953125 0.4719629629629629 0.563046875 0.4719629629629629 0.563046875 0.6135092592592591 0.471953125 0.6135092592592591
3 0.4258020833333333 0.45243055555555556 0.48217187499999997 0.45243055555555556 0.48217187499999997 0.543162037037037 0.4258020833333333 0.543162037037037
1 0.2157239583333333 0.42368055555555556 0.415453125 0.42368055555555556 0.415453125 0.6568657407407407 0.2157239583333333 0.6568657407407407
1 0.1336744791666667 0.3881412037037037 0.2616119791666667 0.3881412037037037 0.2616119791666667 0.6556273148148148 0.1336744791666667 0.6556273148148148
1 0.6747955729166666 0.34923842592592585 0.7725846354166667 0.34923842592592585 0.7725846354166667 0.5445671296296296 0.6747955729166666 0.5445671296296296