1 0.5575520833333333 0.3199074074074074 0.3984375 0.3199074074074074 0.3984375 0.4356481481481482 0.5575520833333333 0.4356481481481482
3 0.9075520833333334 0.6388888888888888 0.7153645833333333 0.6388888888888888 0.7153645833333333 0.8277777777777777 0.9075520833333334 0.8277777777777777
2 0.94375 0.3921296296296296 0.8575520833333333 0.3921296296296296 0.8575520833333333 0.5888888888888889 0.94375 0.5888888888888889
2 0.859375 0.3560185185185185 0.7875 0.3560185185185185 0.7875 0.5467592592592593 0.859375 0.5467592592592593
3 0.7484375 0.7638888888888888 0.4859375 0.7638888888888888 0.4859375 0.9981481481481481 0.7484375 0.9981481481481481
3 0.31921223958333333 0.47712499999999997 0.41993359375 0.47712499999999997 0.41993359375 0.5843287037037036 0.31921223958333333 0.5843287037037036
3 0.33234895833333333 0.5230023148148147 0.4785833333333333 0.5230023148148147 0.4785833333333333 0.6377291666666666 0.33234895833333333 0.6377291666666666
3 0.41868229166666665 0.5508032407407408 0.5669479166666667 0.5508032407407408 0.5669479166666667 0.7678912037037037 0.41868229166666665 0.7678912037037037
3 0.5419231770833334 0.5591435185185185 0.6370143229166666 0.5591435185185185 0.6370143229166666 0.6733287037037037 0.5419231770833334 0.6733287037037037
3 0.4871848958333333 0.48268518518518516 0.5569401041666667 0.48268518518518516 0.5569401041666667 0.5732037037037037 0.4871848958333333 0.5732037037037037
3 0.4394817708333333 0.45627083333333324 0.5262838541666667 0.45627083333333324 0.5262838541666667 0.5498402777777778 0.4394817708333333 0.5498402777777778