1 0.1453125 0.4 0.1453125 0.58125 0.35 0.58125 0.35 0.4
1 0.2015625 0.3484375 0.2015625 0.4125 0.24375 0.4125 0.2453125 0.4140625 0.246875 0.4140625 0.2484375 0.415625 0.384375 0.415625 0.384375 0.3484375
1 0.5484375 0.3234375 0.5484375 0.471875 0.740625 0.471875 0.740625 0.3234375
0 0.0125 0.4484375 0.0125 0.6546875 0.1578125 0.6546875 0.1578125 0.4484375
2 0.7875 0.35625 0.7875 0.5 0.88125 0.5 0.88125 0.35625
2 0.8921875 0.3875 0.8921875 0.475 0.996875 0.475 0.996875 0.3875
3 0.53125 0.540625 0.53125 0.6484375 0.6640625 0.6484375 0.6640625 0.540625
3 0.4319778645833333 0.46044212962962966 0.5124700520833333 0.46044212962962966 0.5124700520833333 0.5593819444444444 0.4319778645833333 0.5593819444444444
3 0.5166236979166666 0.5081875 0.67596484375 0.5081875 0.67596484375 0.5519976851851852 0.5166236979166666 0.5519976851851852
3 0.6652239583333334 0.5978379629629629 0.7641770833333332 0.5978379629629629 0.7641770833333332 0.7566342592592592 0.6652239583333334 0.7566342592592592
1 0.7687291666666667 0.46821759259259266 0.9673854166666668 0.46821759259259266 0.9673854166666668 0.7902638888888889 0.7687291666666667 0.7902638888888889
2 0.9714322916666667 0.4358356481481481 1 0.4358356481481481 1 0.6699143518518519 0.9714322916666667 0.6699143518518519