1 0.153125 0.4015625 0.153125 0.5984375 0.35 0.5984375 0.35 0.4015625
1 0.79375 0.4421875 0.79375 0.7796875 0.984375 0.7796875 0.984375 0.4421875
1 0.2015625 0.3484375 0.2015625 0.415625 0.2671875 0.415625 0.26875 0.4140625 0.278125 0.4140625 0.2796875 0.415625 0.390625 0.415625 0.390625 0.3484375
1 0.4578125 0.33125 0.4578125 0.459375 0.6234375 0.459375 0.6234375 0.33125
0 0.0078125 0.453125 0.0078125 0.6609375 0.15625 0.6609375 0.15625 0.453125
2 0.7875 0.3703125 0.7875 0.4828125 0.896875 0.4828125 0.896875 0.3703125
3 0.5296875 0.5484375 0.5296875 0.6484375 0.665625 0.6484375 0.665625 0.5484375
2 0.934375 0.3953125 0.934375 0.4859375 0.9984375 0.4859375 0.9984375 0.3953125
3 0.43737109375000005 0.45456250000000004 0.49043098958333337 0.45456250000000004 0.49043098958333337 0.550650462962963 0.43737109375000005 0.550650462962963
3 0.47005338541666664 0.4746342592592593 0.5349309895833333 0.4746342592592593 0.5349309895833333 0.584449074074074 0.47005338541666664 0.584449074074074
3 0.6578658854166667 0.5852013888888888 0.74158203125 0.5852013888888888 0.74158203125 0.7727430555555556 0.6578658854166667 0.7727430555555556