3 0.9966145833333333 0.26851851851851855 0.821875 0.26851851851851855 0.821875 0.37962962962962965 0.9966145833333333 0.37962962962962965
3 0.784375 0.001388888888888889 0.6575520833333334 0.001388888888888889 0.6575520833333334 0.11851851851851852 0.784375 0.11851851851851852
1 0.2390625 0.321875 0.2390625 0.4640625 0.415625 0.4640625 0.415625 0.321875
1 0.5552015625000001 0.39546435185185186 0.5552015625000001 0.5267143518518519 0.7677015625 0.5267143518518519 0.7677015625 0.39546435185185186
1 0.6251874999999999 0.36388425925925927 0.7341614583333332 0.36388425925925927 0.7341614583333332 0.42082870370370373 0.6251874999999999 0.42082870370370373
1 0.13701953125 0.4285439814814815 0.27037630208333335 0.4285439814814815 0.27037630208333335 0.6777800925925925 0.13701953125 0.6777800925925925
1 0.2728359375 0.5202685185185185 0.6690338541666667 0.5202685185185185 0.6690338541666667 0.8734999999999999 0.2728359375 0.8734999999999999
3 0.7020221354166668 0.6465717592592591 0.90620703125 0.6465717592592591 0.90620703125 0.8155486111111111 0.7020221354166668 0.8155486111111111
3 0.6489244791666667 0.5987939814814814 0.7178776041666667 0.5987939814814814 0.7178776041666667 0.6789282407407408 0.6489244791666667 0.6789282407407408
3 0.4511575520833333 0.4614560185185185 0.53141015625 0.4614560185185185 0.53141015625 0.514349537037037 0.4511575520833333 0.514349537037037
3 0.27260416666666665 0.4449768518518518 0.4153125 0.4449768518518518 0.4153125 0.5391157407407408 0.27260416666666665 0.5391157407407408