1 0.3484375 0.33240740740740743 0.19505208333333332 0.33240740740740743 0.19505208333333332 0.48564814814814816 0.3484375 0.48564814814814816
3 0.9028645833333333 0.6402777777777777 0.721875 0.6402777777777777 0.721875 0.8245370370370371 0.9028645833333333 0.8245370370370371
3 0.728125 0.7481481481481481 0.484375 0.7481481481481481 0.484375 0.9981481481481481 0.728125 0.9981481481481481
2 0.6638020833333333 0.30925925925925923 0.5888020833333333 0.30925925925925923 0.5888020833333333 0.46064814814814814 0.6638020833333333 0.46064814814814814
1 0.37740625 0.32416203703703705 0.50190625 0.32416203703703705 0.50190625 0.4361064814814815 0.37740625 0.4361064814814815
3 0.30698567708333335 0.48739814814814814 0.41789453125 0.48739814814814814 0.41789453125 0.5945092592592593 0.30698567708333335 0.5945092592592593
3 0.3312786458333334 0.5323865740740741 0.47790364583333333 0.5323865740740741 0.47790364583333333 0.6438819444444444 0.3312786458333334 0.6438819444444444
3 0.41398958333333336 0.5658032407407407 0.5784010416666666 0.5658032407407407 0.5784010416666666 0.728224537037037 0.41398958333333336 0.728224537037037
3 0.43307682291666666 0.44626851851851856 0.5065325520833334 0.44626851851851856 0.5065325520833334 0.5564537037037037 0.43307682291666666 0.5564537037037037
3 0.480796875 0.5041087962962963 0.564375 0.5041087962962963 0.564375 0.5862800925925925 0.480796875 0.5862800925925925
3 0.5436953125 0.5221018518518519 0.6262630208333334 0.5221018518518519 0.6262630208333334 0.641824074074074 0.5436953125 0.641824074074074
3 0.5979218750000002 0.5850833333333333 0.69740625 0.5850833333333333 0.69740625 0.7127962962962964 0.5979218750000002 0.7127962962962964