3 0.2769361979166666 0.5131643518518518 0.49089192708333335 0.5131643518518518 0.49089192708333335 0.6452430555555555 0.2769361979166666 0.6452430555555555
3 0.2986484375 0.5599375 0.5776171875 0.5599375 0.5776171875 0.769275462962963 0.2986484375 0.769275462962963
3 0.33568880208333335 0.6009513888888888 0.6150091145833333 0.6009513888888888 0.6150091145833333 0.9123541666666667 0.33568880208333335 0.9123541666666667
3 0.44072265625 0.4419583333333334 0.4568815104166667 0.4419583333333334 0.4568815104166667 0.5239305555555556 0.44072265625 0.5239305555555556
0 0.029223958333333324 0.4453819444444445 0.1773229166666667 0.4453819444444445 0.1773229166666667 0.7180069444444445 0.029223958333333324 0.7180069444444445
2 0.891359375 0.3905671296296297 1 0.3905671296296297 1 0.6160347222222223 0.891359375 0.6160347222222223
2 0.83922265625 0.3696967592592592 0.9022096354166667 0.3696967592592592 0.9022096354166667 0.6088773148148148 0.83922265625 0.6088773148148148
3 0.6232981770833333 0.5906712962962962 0.7530716145833334 0.5906712962962962 0.7530716145833334 0.7396250000000001 0.6232981770833333 0.7396250000000001
3 0.45575651041666665 0.46187268518518515 0.5506289062499999 0.46187268518518515 0.5506289062499999 0.5590162037037036 0.45575651041666665 0.5590162037037036
1 0.16797916666666665 0.40797685185185184 0.294 0.40797685185185184 0.294 0.7345694444444445 0.16797916666666665 0.7345694444444445
2 0.7862200520833333 0.3834907407407407 0.8404986979166668 0.3834907407407407 0.8404986979166668 0.5732685185185186 0.7862200520833333 0.5732685185185186
1 0.12527734375 0.42759722222222224 0.17803515625 0.42759722222222224 0.17803515625 0.45813425925925927 0.12527734375 0.45813425925925927