2 0.875 0.3899398148148148 0.9884687500000001 0.3899398148148148 0.9884687500000001 0.6088842592592593 0.875 0.6088842592592593
1 0.8033854166666666 0.40278009259259256 0.8833906250000001 0.40278009259259256 0.8833906250000001 0.6156180555555555 0.8033854166666666 0.6156180555555555
3 0.7044752604166667 0.6157407407407407 0.9374986979166666 0.6157407407407407 0.9374986979166666 0.8226574074074074 0.7044752604166667 0.8226574074074074
3 0.6119778645833333 0.601849537037037 0.7158346354166667 0.601849537037037 0.7158346354166667 0.7132430555555556 0.6119778645833333 0.7132430555555556
3 0.31919140625 0.6273148148148148 0.62369921875 0.6273148148148148 0.62369921875 0.947212962962963 0.31919140625 0.947212962962963
3 0.28132421875 0.571761574074074 0.5651028645833333 0.571761574074074 0.5651028645833333 0.775525462962963 0.28132421875 0.775525462962963
3 0.25103125 0.5185185185185185 0.5078125 0.5185185185185185 0.5078125 0.7098796296296297 0.25103125 0.7098796296296297
3 0.23967187500000003 0.449074074074074 0.42578125 0.449074074074074 0.42578125 0.5903703703703703 0.23967187500000003 0.5903703703703703
0 0.011624999999999996 0.4236134259259259 0.19505208333333332 0.4236134259259259 0.19505208333333332 0.7199791666666666 0.011624999999999996 0.7199791666666666
3 0.44942578124999993 0.46004861111111117 0.49932421875 0.46004861111111117 0.49932421875 0.5241087962962964 0.44942578124999993 0.5241087962962964
3 0.47854557291666666 0.48349305555555555 0.6087721354166666 0.48349305555555555 0.6087721354166666 0.5809328703703703 0.47854557291666666 0.5809328703703703
3 0.54173046875 0.5206064814814815 0.6930559895833334 0.5206064814814815 0.6930559895833334 0.6121805555555556 0.54173046875 0.6121805555555556