3 0.503125 0.34048507462686567 0.2947916666666667 0.34048507462686567 0.2947916666666667 0.4925373134328358 0.503125 0.4925373134328358
1 0.925 0.20335820895522388 0.83125 0.20335820895522388 0.83125 0.5914179104477612 0.925 0.5914179104477612
1 0.36000000000000004 0.17201492537313431 0.5260416666666666 0.17201492537313431 0.5260416666666666 0.3676865671641791 0.36000000000000004 0.3676865671641791
3 0.5281250000000001 0.3082089552238806 0.6066666666666668 0.3082089552238806 0.6066666666666668 0.43337686567164185 0.5281250000000001 0.43337686567164185
3 0.36749999999999994 0.4425373134328358 0.5708333333333333 0.4425373134328358 0.5708333333333333 0.6095522388059701 0.36749999999999994 0.6095522388059701
3 0.21979166666666666 0.5712686567164179 0.37083333333333335 0.5712686567164179 0.37083333333333335 0.6722574626865672 0.21979166666666666 0.6722574626865672
3 0.0875 0.6794776119402985 0.37583333333333335 0.6794776119402985 0.37583333333333335 1 0.0875 1
3 0.10916666666666668 0.5768703358208955 0.20416666666666666 0.5768703358208955 0.20416666666666666 0.7110774253731345 0.10916666666666668 0.7110774253731345
1 0.18083333333333335 0.5022388059701494 0.7083333333333334 0.5022388059701494 0.7083333333333334 1 0.18083333333333335 1
1 0.5591666666666666 0.2652985074626866 0.80625 0.2652985074626866 0.80625 0.67375 0.5591666666666666 0.67375
3 0 0.8735074626865672 0.07395833333333333 0.8735074626865672 0.07395833333333333 1 0 1
3 0 0.7764878731343283 0.030208333333333334 0.7764878731343283 0.030208333333333334 0.8782882462686568 0 0.8782882462686568