2 0.6807291666666667 0.3366300925925926 0.6807291666666667 0.5147550925925927 0.7494791666666667 0.5147550925925927 0.7494791666666667 0.3366300925925926
1 0.396875 0.325 0.396875 0.41875 0.56875 0.41875 0.56875 0.325
2 0.7984375 0.36441666666666667 0.7984375 0.5441041666666667 0.8921875 0.5441041666666667 0.8921875 0.36441666666666667
1 0.396875 0.3265625 0.396875 0.421875 0.621875 0.421875 0.621875 0.3265625
3 0.459375 0.465625 0.459375 0.5953125 0.6703125 0.5953125 0.6703125 0.465625
2 0.7362604166666666 0.344349537037037 0.7925572916666667 0.344349537037037 0.7925572916666667 0.5406319444444444 0.7362604166666666 0.5406319444444444
3 0.23465624999999998 0.48222685185185193 0.43997916666666664 0.48222685185185193 0.43997916666666664 0.6096527777777777 0.23465624999999998 0.6096527777777777
3 0.31108072916666674 0.512125 0.45814322916666667 0.512125 0.45814322916666667 0.6852638888888889 0.31108072916666674 0.6852638888888889
3 0.33476041666666667 0.6317268518518518 0.6518958333333333 0.6317268518518518 0.6518958333333333 0.9153194444444444 0.33476041666666667 0.9153194444444444
3 0.6673671875 0.5802291666666666 0.7830807291666667 0.5802291666666666 0.7830807291666667 0.7554837962962964 0.6673671875 0.7554837962962964
3 0.51936328125 0.5467407407407407 0.65552734375 0.5467407407407407 0.65552734375 0.6482870370370372 0.51936328125 0.6482870370370372
3 0.44510286458333337 0.4599421296296297 0.49715234375 0.4599421296296297 0.49715234375 0.508474537037037 0.44510286458333337 0.508474537037037