1 0.4609375 0.31527777777777777 0.2609375 0.31527777777777777 0.2609375 0.4388888888888889 0.4609375 0.4388888888888889
3 0.7513020833333334 0.587037037037037 0.5747395833333333 0.587037037037037 0.5747395833333333 0.7106481481481481 0.7513020833333334 0.7106481481481481
3 0.9046875 0.6277777777777778 0.7138020833333333 0.6277777777777778 0.7138020833333333 0.8277777777777777 0.9046875 0.8277777777777777
2 0.94375 0.3921296296296296 0.8575520833333333 0.3921296296296296 0.8575520833333333 0.5902777777777778 0.94375 0.5902777777777778
3 0.75 0.7731481481481481 0.4875 0.7731481481481481 0.4875 0.9981481481481481 0.75 0.9981481481481481
2 0.7877604166666666 0.3592592592592593 0.8604166666666667 0.3592592592592593 0.8604166666666667 0.5303333333333333 0.7877604166666666 0.5303333333333333
3 0.3782838541666667 0.5551226851851853 0.5698984374999999 0.5551226851851853 0.5698984374999999 0.7657754629629628 0.3782838541666667 0.7657754629629628
3 0.3204375 0.5280601851851852 0.4738072916666667 0.5280601851851852 0.4738072916666667 0.6331249999999999 0.3204375 0.6331249999999999
3 0.2861888020833333 0.4739351851851851 0.4281393229166667 0.4739351851851851 0.4281393229166667 0.5979351851851852 0.2861888020833333 0.5979351851851852
3 0.4769166666666667 0.4881412037037037 0.565359375 0.4881412037037037 0.565359375 0.5689421296296298 0.4769166666666667 0.5689421296296298
3 0.43128124999999995 0.44814814814814813 0.49336979166666667 0.44814814814814813 0.49336979166666667 0.530537037037037 0.43128124999999995 0.530537037037037