1 0.203125 0.35 0.203125 0.4125 0.2046875 0.4109375 0.2078125 0.4109375 0.209375 0.409375 0.215625 0.409375 0.2171875 0.4109375 0.221875 0.4109375 0.2234375 0.4125 0.23125 0.4125 0.2328125 0.4140625 0.2359375 0.4140625 0.2375 0.415625 0.2359375 0.4171875 0.2328125 0.4171875 0.375 0.4171875 0.3765625 0.415625 0.3765625 0.35
1 0.428125 0.31875 0.428125 0.3921875 0.5859375 0.3921875 0.5859375 0.31875
1 0.421875 0.34375 0.421875 0.465625 0.59375 0.465625 0.59375 0.45625 0.5953125 0.4546875 0.5953125 0.34375
3 0.6046875 0.5859375 0.6046875 0.728125 0.7734375 0.728125 0.7734375 0.5859375
1 0.20833333333333334 0.41944444444444445 0.4205729166666667 0.41944444444444445 0.4205729166666667 0.6891851851851851 0.20833333333333334 0.6891851851851851
1 0.14479166666666668 0.3870393518518518 0.2747395833333333 0.3870393518518518 0.2747395833333333 0.6521365740740741 0.14479166666666668 0.6521365740740741
3 0.5406614583333335 0.5117708333333334 0.646765625 0.5117708333333334 0.646765625 0.6923310185185185 0.5406614583333335 0.6923310185185185
3 0.4797825520833333 0.47697916666666673 0.5493580729166666 0.47697916666666673 0.5493580729166666 0.6098449074074074 0.4797825520833333 0.6098449074074074
3 0.4333997395833333 0.45121064814814815 0.4977565104166667 0.45121064814814815 0.4977565104166667 0.5758171296296297 0.4333997395833333 0.5758171296296297
1 0.6557760416666666 0.3456273148148148 0.7878229166666667 0.3456273148148148 0.7878229166666667 0.5491874999999999 0.6557760416666666 0.5491874999999999
1 0.80724609375 0.3678078703703703 0.8940299479166666 0.3678078703703703 0.8940299479166666 0.6100347222222222 0.80724609375 0.6100347222222222