3 0.5244791666666667 0.4430970149253731 0.36354166666666665 0.4430970149253731 0.36354166666666665 0.5811567164179104 0.5244791666666667 0.5811567164179104
1 0.7947916666666667 0.2789179104477612 0.5010416666666667 0.2789179104477612 0.5010416666666667 0.6604477611940298 0.7947916666666667 0.6604477611940298
1 0.9447916666666667 0.20242537313432835 0.84375 0.20242537313432835 0.84375 0.5988805970149254 0.9447916666666667 0.5988805970149254
1 0.3658333333333334 0.1664132462686567 0.5208333333333334 0.1664132462686567 0.5208333333333334 0.33782182835820895 0.3658333333333334 0.33782182835820895
1 0.18 0.43134328358208956 0.68125 0.43134328358208956 0.68125 1 0.18 1
3 0.096875 0.6794776119402985 0.37916666666666665 0.6794776119402985 0.37916666666666665 1 0.096875 1
3 0.22291666666666668 0.5675326492537314 0.3733333333333333 0.5675326492537314 0.3733333333333333 0.6991277985074626 0.22291666666666668 0.6991277985074626
3 0.3033333333333334 0.33432369402985074 0.4822916666666667 0.33432369402985074 0.4822916666666667 0.5169822761194031 0.3033333333333334 0.5169822761194031
3 0.07666666666666667 0.6011147388059701 0.19895833333333332 0.6011147388059701 0.19895833333333332 0.7648180970149253 0.07666666666666667 0.7648180970149253
3 0 0.8679104477611941 0.06666666666666667 0.8679104477611941 0.06666666666666667 1 0 1
3 0 0.7914179104477612 0.025 0.7914179104477612 0.025 0.8723134328358209 0 0.8723134328358209
3 0.5650000000000001 0.3436567164179104 0.59375 0.3436567164179104 0.59375 0.387089552238806 0.5650000000000001 0.387089552238806