1 0.4328125 0.346875 0.4328125 0.4640625 0.6015625 0.4640625 0.6015625 0.346875
1 0.215625 0.346875 0.215625 0.4046875 0.371875 0.4046875 0.371875 0.346875
1 0.134375 0.396875 0.134375 0.5859375 0.28125 0.5859375 0.28125 0.396875
1 0.3328125 0.334375 0.3328125 0.4 0.3953125 0.4 0.3953125 0.334375
3 0.60625 0.5796875 0.60625 0.715625 0.7671875 0.715625 0.7671875 0.5796875
1 0.20249348958333335 0.38554166666666667 0.39985026041666666 0.38554166666666667 0.39985026041666666 0.6445972222222222 0.20249348958333335 0.6445972222222222
1 0.41414192708333336 0.32416203703703705 0.5186809895833333 0.32416203703703705 0.5186809895833333 0.40871759259259255 0.41414192708333336 0.40871759259259255
1 0.69175 0.36477314814814815 0.8501510416666667 0.36477314814814815 0.8501510416666667 0.5709120370370371 0.69175 0.5709120370370371
2 0.82096484375 0.35090972222222216 0.9829309895833334 0.35090972222222216 0.9829309895833334 0.5820069444444445 0.82096484375 0.5820069444444445
3 0.53690234375 0.5096643518518519 0.64326953125 0.5096643518518519 0.64326953125 0.6783356481481481 0.53690234375 0.6783356481481481
3 0.47829036458333335 0.4903680555555555 0.5564388020833333 0.4903680555555555 0.5564388020833333 0.6217152777777778 0.47829036458333335 0.6217152777777778
3 0.41750911458333334 0.4517731481481481 0.49160546874999994 0.4517731481481481 0.49160546874999994 0.566125 0.41750911458333334 0.566125