1 0.8109375 0.2789179104477612 0.3776041666666667 0.2789179104477612 0.3776041666666667 0.6613805970149254 0.8109375 0.6613805970149254
3 0.4359375 0.3843283582089552 0.3026041666666667 0.3843283582089552 0.3026041666666667 0.48600746268656714 0.4359375 0.48600746268656714
1 0.971875 0.21548507462686567 0.8010416666666667 0.21548507462686567 0.8010416666666667 0.625 0.971875 0.625
1 0.3741666666666667 0.16642257462686566 0.5322916666666667 0.16642257462686566 0.5322916666666667 0.34977145522388065 0.3741666666666667 0.34977145522388065
3 0.35520833333333335 0.43282649253731337 0.4875 0.43282649253731337 0.4875 0.6050652985074626 0.35520833333333335 0.6050652985074626
1 0.5666666666666667 0.19887593283582092 0.7799999999999999 0.19887593283582092 0.7799999999999999 0.3452845149253731 0.5666666666666667 0.3452845149253731
1 0.3475 0.34365671641791046 0.7385416666666667 0.34365671641791046 0.7385416666666667 1 0.3475 1
3 0.22395833333333334 0.5824673507462687 0.5125 0.5824673507462687 0.5125 0.9633908582089553 0.22395833333333334 0.9633908582089553
3 0.0875 0.6738805970149254 0.3733333333333333 0.6738805970149254 0.3733333333333333 1 0.0875 1
3 0.08333333333333333 0.6011147388059702 0.20833333333333334 0.6011147388059702 0.20833333333333334 0.758847947761194 0.08333333333333333 0.758847947761194
3 0 0.8567164179104478 0.059375 0.8567164179104478 0.059375 1 0 1
3 0 0.8156716417910448 0.0375 0.8156716417910448 0.0375 0.861865671641791 0 0.861865671641791