2 0.8849908854166666 0.3757175925925926 0.8849908854166666 0.6663425925925925 0.9959283854166666 0.6663425925925925 0.9959283854166666 0.3757175925925926
2 0.79375 0.36971574074074076 0.79375 0.5181532407407408 0.88125 0.5181532407407408 0.88125 0.36971574074074076
1 0.5375 0.3390625 0.5375 0.45 0.6734375 0.45 0.6734375 0.3390625
3 0.29375 0.4953125 0.29375 0.7140625 0.5 0.7140625 0.5 0.4953125
1 0.1984375 0.415625 0.1984375 0.6140625 0.4296875 0.6140625 0.4296875 0.415625
1 0.42453125 0.3310949074074074 0.5470208333333333 0.3310949074074074 0.5470208333333333 0.4389236111111111 0.42453125 0.4389236111111111
1 0.32588541666666665 0.32097453703703704 0.46844791666666663 0.32097453703703704 0.46844791666666663 0.43156249999999996 0.32588541666666665 0.43156249999999996
3 0.30105208333333333 0.6347199074074075 0.670953125 0.6347199074074075 0.670953125 0.9344097222222223 0.30105208333333333 0.9344097222222223
3 0.6376106770833334 0.5841134259259259 0.7675664062499999 0.5841134259259259 0.7675664062499999 0.7441180555555555 0.6376106770833334 0.7441180555555555
3 0.5099257812500001 0.5508611111111111 0.6191575520833333 0.5508611111111111 0.6191575520833333 0.6347777777777778 0.5099257812500001 0.6347777777777778
3 0.4635234375 0.4932083333333333 0.5383723958333333 0.4932083333333333 0.5383723958333333 0.5759768518518519 0.4635234375 0.5759768518518519
3 0.43665885416666667 0.45847685185185183 0.4737421875 0.45847685185185183 0.4737421875 0.5355694444444444 0.43665885416666667 0.5355694444444444