2 0.66875 0.3328125 0.66875 0.4890625 0.76875 0.4890625 0.76875 0.3328125
2 0.8956145833333333 0.3773148148148148 1 0.3773148148148148 1 0.6263518518518519 0.8956145833333333 0.6263518518518519
1 0.7973359375 0.44725 0.9285494791666665 0.44725 0.9285494791666665 0.7505277777777777 0.7973359375 0.7505277777777777
1 0.18278125000000003 0.40659027777777784 0.28451041666666665 0.40659027777777784 0.28451041666666665 0.6630115740740741 0.18278125000000003 0.6630115740740741
1 0.24791927083333334 0.4017106481481482 0.48739843749999995 0.4017106481481482 0.48739843749999995 0.6192523148148148 0.24791927083333334 0.6192523148148148
3 0.28454166666666664 0.5741064814814815 0.561703125 0.5741064814814815 0.561703125 0.7777268518518519 0.28454166666666664 0.7777268518518519
3 0.31314322916666665 0.6017546296296297 0.6696536458333334 0.6017546296296297 0.6696536458333334 0.9137268518518519 0.31314322916666665 0.9137268518518519
3 0.6588138020833333 0.5724305555555554 0.7612018229166666 0.5724305555555554 0.7612018229166666 0.7443472222222222 0.6588138020833333 0.7443472222222222
3 0.4569674479166667 0.46088194444444447 0.5591627604166667 0.46088194444444447 0.5591627604166667 0.5182291666666666 0.4569674479166667 0.5182291666666666
3 0.49735546875 0.503462962962963 0.5738424479166666 0.503462962962963 0.5738424479166666 0.5959444444444444 0.49735546875 0.5959444444444444
3 0.5452617187500001 0.5251689814814815 0.6434986979166666 0.5251689814814815 0.6434986979166666 0.6250810185185185 0.5452617187500001 0.6250810185185185