3 0.2921875 0.5125 0.2921875 0.7703125 0.5859375 0.7703125 0.5859375 0.5125
2 0.9196562499999998 0.3742916666666667 1 0.3742916666666667 1 0.6675324074074075 0.9196562499999998 0.6675324074074075
2 0.7707174479166666 0.3537222222222222 0.9115585937499999 0.3537222222222222 0.9115585937499999 0.532787037037037 0.7707174479166666 0.532787037037037
1 0.6420247395833333 0.4012800925925925 0.8372356770833332 0.4012800925925925 0.8372356770833332 0.672673611111111 0.6420247395833333 0.672673611111111
3 0.2575794270833333 0.506212962962963 0.4653736979166666 0.506212962962963 0.4653736979166666 0.6697037037037037 0.2575794270833333 0.6697037037037037
3 0.2824713541666667 0.648587962962963 0.39784114583333335 0.648587962962963 0.39784114583333335 0.8013472222222222 0.2824713541666667 0.8013472222222222
3 0.6966197916666667 0.6389884259259259 0.953609375 0.6389884259259259 0.953609375 0.8117152777777779 0.6966197916666667 0.8117152777777779
3 0.4421184895833334 0.46440277777777783 0.5316992187499999 0.46440277777777783 0.5316992187499999 0.5369027777777778 0.4421184895833334 0.5369027777777778
3 0.5002747395833333 0.5067824074074074 0.5640638020833334 0.5067824074074074 0.5640638020833334 0.5882916666666667 0.5002747395833333 0.5882916666666667
3 0.5587916666666667 0.520914351851852 0.6490208333333333 0.520914351851852 0.6490208333333333 0.6391689814814815 0.5587916666666667 0.6391689814814815
1 0.17708333333333334 0.40324305555555556 0.42291666666666666 0.40324305555555556 0.42291666666666666 0.5766458333333334 0.17708333333333334 0.5766458333333334