1 0.56875 0.3138888888888889 0.4109375 0.3138888888888889 0.4109375 0.4263888888888889 0.56875 0.4263888888888889
3 0.7622395833333333 0.5888888888888889 0.634375 0.5888888888888889 0.634375 0.7152777777777778 0.7622395833333333 0.7152777777777778
3 0.7513020833333334 0.7449074074074075 0.4859375 0.7449074074074075 0.4859375 0.9981481481481481 0.7513020833333334 0.9981481481481481
2 0.96875 0.40925925925925927 0.9013020833333333 0.40925925925925927 0.9013020833333333 0.5949074074074074 0.96875 0.5949074074074074
2 0.7877604166666666 0.35231712962962963 0.8541666666666666 0.35231712962962963 0.8541666666666666 0.5488587962962962 0.7877604166666666 0.5488587962962962
3 0.2885377604166667 0.47847453703703696 0.41807682291666665 0.47847453703703696 0.41807682291666665 0.5931550925925926 0.2885377604166667 0.5931550925925926
3 0.3375716145833333 0.5175092592592593 0.4574127604166666 0.5175092592592593 0.4574127604166666 0.6582314814814815 0.3375716145833333 0.6582314814814815
3 0.35440364583333334 0.5614212962962963 0.5653619791666668 0.5614212962962963 0.5653619791666668 0.7402268518518518 0.35440364583333334 0.7402268518518518
3 0.41588020833333333 0.6053287037037038 0.6239114583333334 0.6053287037037038 0.6239114583333334 0.8339305555555555 0.41588020833333333 0.8339305555555555
3 0.4319752604166667 0.4563078703703703 0.49197265625 0.4563078703703703 0.49197265625 0.5252754629629629 0.4319752604166667 0.5252754629629629
3 0.4656901041666667 0.48576620370370377 0.5692265625 0.48576620370370377 0.5692265625 0.5667337962962963 0.4656901041666667 0.5667337962962963