2 0.7953125 0.3609375 0.7953125 0.515625 0.8875 0.515625 0.8875 0.3609375
2 0.67891171875 0.3475287037037037 0.67891171875 0.4928412037037037 0.7695367187500001 0.4928412037037037 0.7695367187500001 0.3475287037037037
1 0.5359375 0.3359375 0.5359375 0.428125 0.66875 0.428125 0.66875 0.3359375
3 0.2953125 0.496875 0.2953125 0.715625 0.5 0.715625 0.5 0.496875
1 0.2078125 0.415625 0.2078125 0.575 0.4390625 0.575 0.4390625 0.415625
1 0.3184622395833333 0.3113101851851852 0.4608658854166666 0.3113101851851852 0.4608658854166666 0.4275509259259259 0.3184622395833333 0.4275509259259259
1 0.43038281250000004 0.32156944444444446 0.5493828125 0.32156944444444446 0.5493828125 0.4250601851851852 0.43038281250000004 0.4250601851851852
3 0.31076822916666663 0.6465601851851852 0.6609921875 0.6465601851851852 0.6609921875 0.9263101851851852 0.31076822916666663 0.9263101851851852
3 0.6427122395833333 0.5644583333333334 0.7486575520833333 0.5644583333333334 0.7486575520833333 0.7335231481481481 0.6427122395833333 0.7335231481481481
3 0.5156158854166667 0.5466574074074074 0.62439453125 0.5466574074074074 0.62439453125 0.6390092592592592 0.5156158854166667 0.6390092592592592
3 0.4612421875 0.48221759259259267 0.5335182291666667 0.48221759259259267 0.5335182291666667 0.5929583333333334 0.4612421875 0.5929583333333334
3 0.43936718750000003 0.45777083333333335 0.47126822916666666 0.45777083333333335 0.47126822916666666 0.5444791666666667 0.43936718750000003 0.5444791666666667