3 0.309375 0.6328125 0.309375 0.8890625 0.659375 0.8890625 0.659375 0.6328125
3 0.290625 0.55625 0.290625 0.709375 0.478125 0.709375 0.478125 0.55625
2 0.86875 0.375 0.86875 0.5859375 0.959375 0.5859375 0.959375 0.375
3 0.5359375 0.5484375 0.5359375 0.64375 0.6671875 0.64375 0.6671875 0.5484375
1 0.1828125 0.4234375 0.1828125 0.5671875 0.4125 0.5671875 0.4125 0.4234375
1 0.6002526041666667 0.3594074074074074 0.6984817708333334 0.3594074074074074 0.6984817708333334 0.5126018518518519 0.6002526041666667 0.5126018518518519
1 0.4619921875 0.34429166666666666 0.6016692708333333 0.34429166666666666 0.6016692708333333 0.45946759259259257 0.4619921875 0.45946759259259257
1 0.40634895833333334 0.3203518518518519 0.47694270833333335 0.3203518518518519 0.47694270833333335 0.4173240740740741 0.40634895833333334 0.4173240740740741
1 0.33009505208333334 0.31657407407407406 0.41103515625 0.31657407407407406 0.41103515625 0.43289814814814814 0.33009505208333334 0.43289814814814814
3 0.43119010416666664 0.4534490740740741 0.4900234375 0.4534490740740741 0.4900234375 0.5298564814814815 0.43119010416666664 0.5298564814814815
3 0.47002734375000005 0.48265972222222225 0.5569934895833334 0.48265972222222225 0.5569934895833334 0.5781273148148148 0.47002734375000005 0.5781273148148148
3 0.6410794270833333 0.5728726851851852 0.7627851562500001 0.5728726851851852 0.7627851562500001 0.7375162037037037 0.6410794270833333 0.7375162037037037