2 0.7875 0.3609375 0.7875 0.5359375 0.8828125 0.5359375 0.8828125 0.3609375
2 0.884375 0.390625 0.884375 0.575 0.996875 0.575 0.996875 0.390625
1 0.5390625 0.325 0.5390625 0.4640625 0.6765625 0.4640625 0.6765625 0.325
1 0.2140625 0.35 0.2140625 0.4109375 0.2203125 0.4109375 0.221875 0.4125 0.240625 0.4125 0.2421875 0.4140625 0.390625 0.4140625 0.390625 0.35
3 0.528125 0.5515625 0.528125 0.6703125 0.6640625 0.6703125 0.6640625 0.5515625
2 0.9453125 0.390625 0.9453125 0.615625 0.9984375 0.615625 0.9984375 0.390625
1 0.12700130208333335 0.40752777777777777 0.20572786458333334 0.40752777777777777 0.20572786458333334 0.4858055555555555 0.12700130208333335 0.4858055555555555
1 0.14398958333333337 0.40571759259259255 0.33322916666666663 0.40571759259259255 0.33322916666666663 0.6440601851851853 0.14398958333333337 0.6440601851851853
3 0.6685078124999999 0.5889143518518519 0.7431223958333334 0.5889143518518519 0.7431223958333334 0.7511412037037036 0.6685078124999999 0.7511412037037036
3 0.7582890624999999 0.6377106481481482 0.8952890625 0.6377106481481482 0.8952890625 0.8243263888888889 0.7582890624999999 0.8243263888888889
3 0.5140403645833334 0.5065671296296297 0.6713658854166666 0.5065671296296297 0.6713658854166666 0.5648495370370371 0.5140403645833334 0.5648495370370371
3 0.4357578125 0.459800925925926 0.5115442708333333 0.459800925925926 0.5115442708333333 0.565587962962963 0.4357578125 0.565587962962963