2 0.7638020833333333 0.3296296296296296 0.6609375 0.3296296296296296 0.6609375 0.49027777777777776 0.7638020833333333 0.49027777777777776
2 0.8859375 0.35138888888888886 0.7888020833333333 0.35138888888888886 0.7888020833333333 0.5421296296296296 0.8859375 0.5421296296296296
3 0.6763020833333333 0.48564814814814816 0.478125 0.48564814814814816 0.478125 0.5842592592592593 0.6763020833333333 0.5842592592592593
3 0.7075520833333333 0.8546296296296296 0.4903645833333333 0.8546296296296296 0.4903645833333333 0.9981481481481481 0.7075520833333333 0.9981481481481481
3 0.265078125 0.49635416666666665 0.431765625 0.49635416666666665 0.431765625 0.6118310185185184 0.265078125 0.6118310185185184
3 0.2993411458333333 0.5169328703703704 0.48153906249999995 0.5169328703703704 0.48153906249999995 0.6497060185185185 0.2993411458333333 0.6497060185185185
3 0.3086015625 0.603363425925926 0.5660390625 0.603363425925926 0.5660390625 0.7254606481481483 0.3086015625 0.7254606481481483
3 0.38361067708333335 0.6527546296296296 0.6551705729166667 0.6527546296296296 0.6551705729166667 0.8292083333333333 0.38361067708333335 0.8292083333333333
3 0.44027994791666664 0.45386342592592593 0.4958138020833333 0.45386342592592593 0.4958138020833333 0.5257199074074075 0.44027994791666664 0.5257199074074075
3 0.5264075520833333 0.5269930555555555 0.6516132812500001 0.5269930555555555 0.6516132812500001 0.6464236111111111 0.5264075520833333 0.6464236111111111
3 0.5938971354166667 0.6046944444444444 0.74262890625 0.6046944444444444 0.74262890625 0.7278055555555555 0.5938971354166667 0.7278055555555555
0 0.026041666666666668 0.39814814814814814 0.18619791666666666 0.39814814814814814 0.18619791666666666 0.6863425925925926 0.026041666666666668 0.6863425925925926