1 0.859375 0.19962686567164178 0.6385416666666667 0.19962686567164178 0.6385416666666667 0.6707089552238806 0.859375 0.6707089552238806
1 0.36000000000000004 0.16828824626865668 0.5291666666666667 0.16828824626865668 0.5291666666666667 0.3617117537313433 0.36000000000000004 0.3617117537313433
3 0.5322916666666667 0.29515391791044776 0.6775000000000001 0.29515391791044776 0.6775000000000001 0.48264458955223877 0.5322916666666667 0.48264458955223877
1 0.7316666666666668 0.20373600746268658 0.9239583333333333 0.20373600746268658 0.9239583333333333 0.34977145522388065 0.7316666666666668 0.34977145522388065
1 0.8041666666666667 0.2615718283582089 0.9616666666666667 0.2615718283582089 0.9616666666666667 0.8349953358208956 0.8041666666666667 0.8349953358208956
3 0.45729166666666665 0.43134328358208956 0.5891666666666667 0.43134328358208956 0.5891666666666667 0.494589552238806 0.45729166666666665 0.494589552238806
3 0.3008333333333333 0.3679151119402985 0.44479166666666664 0.3679151119402985 0.44479166666666664 0.4796595149253732 0.3008333333333333 0.4796595149253732
3 0.09479166666666666 0.6776119402985076 0.38666666666666666 0.6776119402985076 0.38666666666666666 1 0.09479166666666666 1
3 0.09333333333333334 0.6067117537313432 0.20625 0.6067117537313432 0.20625 0.7558628731343284 0.09333333333333334 0.7558628731343284
3 0 0.8716417910447762 0.06875 0.8716417910447762 0.06875 1 0 1
1 0.23020833333333338 0.4238805970149254 0.6158333333333333 0.4238805970149254 0.6158333333333333 1 0.23020833333333338 1
3 0 0.8567210820895522 0.0125 0.8567210820895522 0.0125 0.8947154850746268 0 0.8947154850746268