3 0.9046875 0.6388888888888888 0.7388020833333333 0.6388888888888888 0.7388020833333333 0.8263888888888888 0.9046875 0.8263888888888888
1 0.6684895833333333 0.31527777777777777 0.5625 0.31527777777777777 0.5625 0.4685185185185185 0.6684895833333333 0.4685185185185185
3 0.75625 0.587037037037037 0.56875 0.587037037037037 0.56875 0.7138888888888889 0.75625 0.7138888888888889
3 0.6809895833333334 0.47962962962962963 0.4825520833333333 0.47962962962962963 0.4825520833333333 0.5810185185185185 0.6809895833333334 0.5810185185185185
3 0.7122395833333334 0.7842592592592592 0.4875 0.7842592592592592 0.4875 0.9981481481481481 0.7122395833333334 0.9981481481481481
1 0.7874466145833333 0.39124999999999993 0.9253138020833334 0.39124999999999993 0.9253138020833334 0.5736388888888888 0.7874466145833333 0.5736388888888888
2 0.7886302083333334 0.35065277777777776 0.8584947916666666 0.35065277777777776 0.8584947916666666 0.42924537037037036 0.7886302083333334 0.42924537037037036
3 0.2797942708333333 0.49801157407407415 0.42205989583333337 0.49801157407407415 0.42205989583333337 0.6049236111111111 0.2797942708333333 0.6049236111111111
3 0.32918880208333334 0.5190625000000001 0.47872786458333333 0.5190625000000001 0.47872786458333333 0.6470393518518519 0.32918880208333334 0.6470393518518519
3 0.39955989583333335 0.542511574074074 0.5634765625 0.542511574074074 0.5634765625 0.7529328703703704 0.39955989583333335 0.7529328703703704
3 0.43839062500000003 0.4640532407407407 0.48465104166666667 0.4640532407407407 0.48465104166666667 0.520650462962963 0.43839062500000003 0.520650462962963
3 0.5461080729166666 0.541988425925926 0.6058971354166667 0.541988425925926 0.6058971354166667 0.6507337962962964 0.5461080729166666 0.6507337962962964