2 0.8 0.3640625 0.8 0.5390625 0.88125 0.5390625 0.88125 0.3640625
3 0.3129455729166667 0.6543097222222222 0.3129455729166667 0.8761847222222222 0.6676330729166666 0.8761847222222222 0.6676330729166666 0.6543097222222222
1 0.5375 0.340625 0.5375 0.4625 0.66875 0.4625 0.66875 0.4609375 0.671875 0.4578125 0.6734375 0.4578125 0.6734375 0.340625
1 0.1953125 0.4171875 0.1953125 0.571875 0.4203125 0.571875 0.4203125 0.4171875
3 0.5328125 0.5515625 0.5328125 0.64375 0.665625 0.64375 0.665625 0.5515625
3 0.453125 0.475 0.453125 0.5875 0.5625 0.5875 0.5625 0.475
2 0.88411328125 0.37794675925925925 0.98657421875 0.37794675925925925 0.98657421875 0.6139328703703704 0.88411328125 0.6139328703703704
1 0.3213177083333333 0.31178935185185186 0.46294270833333334 0.31178935185185186 0.46294270833333334 0.42825694444444445 0.3213177083333333 0.42825694444444445
1 0.42535937500000004 0.3298611111111111 0.5544375 0.3298611111111111 0.5544375 0.4252222222222222 0.42535937500000004 0.4252222222222222
3 0.29175390625000003 0.5147615740740742 0.4590325520833333 0.5147615740740742 0.4590325520833333 0.708275462962963 0.29175390625000003 0.708275462962963
3 0.6656692708333333 0.5946064814814815 0.7546380208333333 0.5946064814814815 0.7546380208333333 0.7516342592592592 0.6656692708333333 0.7516342592592592
3 0.42921484375 0.46317824074074077 0.4834830729166667 0.46317824074074077 0.4834830729166667 0.5219513888888889 0.42921484375 0.5219513888888889