3 0.26994140625 0.5071226851851852 0.48562109375 0.5071226851851852 0.48562109375 0.6544513888888889 0.26994140625 0.6544513888888889
3 0.2986484375 0.55675 0.5776171875 0.55675 0.5776171875 0.7705185185185186 0.2986484375 0.7705185185185186
3 0.33568749999999997 0.5952384259259259 0.6331770833333333 0.5952384259259259 0.6331770833333333 0.9136041666666667 0.33568749999999997 0.9136041666666667
3 0.62069921875 0.5753842592592593 0.7929518229166667 0.5753842592592593 0.7929518229166667 0.7402916666666667 0.62069921875 0.7402916666666667
3 0.4543958333333334 0.4689583333333333 0.61221875 0.4689583333333333 0.61221875 0.563949074074074 0.4543958333333334 0.563949074074074
3 0.44176822916666664 0.44086574074074075 0.5245338541666666 0.44086574074074075 0.5245338541666666 0.47970833333333335 0.44176822916666664 0.47970833333333335
1 0.19688020833333333 0.393875 0.374125 0.393875 0.374125 0.5813657407407408 0.19688020833333333 0.5813657407407408
2 0.8073684895833334 0.3828796296296296 0.8907877604166666 0.3828796296296296 0.8907877604166666 0.5861296296296297 0.8073684895833334 0.5861296296296297
2 0.8886549479166667 0.38425925925925924 0.97416796875 0.38425925925925924 0.97416796875 0.6282777777777777 0.8886549479166667 0.6282777777777777
2 0.9698190104166666 0.4074583333333333 0.9999986979166667 0.4074583333333333 0.9999986979166667 0.6648287037037037 0.9698190104166666 0.6648287037037037
1 0.16936588541666667 0.3540509259259259 0.3184622395833333 0.3540509259259259 0.3184622395833333 0.49023611111111115 0.16936588541666667 0.49023611111111115
1 0.35816796875 0.32250694444444444 0.48452994791666665 0.32250694444444444 0.48452994791666665 0.4449282407407408 0.35816796875 0.4449282407407408