2 0.7983640624999999 0.3606888888888889 0.7983640624999999 0.5403763888888888 0.8999265624999999 0.5403763888888888 0.8999265624999999 0.3606888888888889
2 0.6802786458333333 0.3314027777777778 0.7287161458333333 0.3314027777777778 0.7287161458333333 0.5090972222222223 0.6802786458333333 0.5090972222222223
2 0.7223437500000001 0.34742824074074075 0.7974635416666668 0.34742824074074075 0.7974635416666668 0.5279050925925927 0.7223437500000001 0.5279050925925927
3 0.44084244791666666 0.4659375 0.4857981770833334 0.4659375 0.4857981770833334 0.5299699074074073 0.44084244791666666 0.5299699074074073
3 0.46356119791666667 0.4960138888888889 0.5499908854166667 0.4960138888888889 0.5499908854166667 0.5877361111111111 0.46356119791666667 0.5877361111111111
3 0.5128671874999999 0.5475717592592593 0.6629088541666666 0.5475717592592593 0.6629088541666666 0.6489375 0.5128671874999999 0.6489375
3 0.6738346354166667 0.5862430555555554 0.76151953125 0.5862430555555554 0.76151953125 0.7374328703703704 0.6738346354166667 0.7374328703703704
3 0.3058059895833333 0.6212893518518519 0.6598138020833333 0.6212893518518519 0.6598138020833333 0.9344699074074073 0.3058059895833333 0.9344699074074073
3 0.25514713541666667 0.47525231481481484 0.43950911458333336 0.47525231481481484 0.43950911458333336 0.6312013888888889 0.25514713541666667 0.6312013888888889
3 0.3023268229166666 0.5199374999999999 0.4569127604166667 0.5199374999999999 0.4569127604166667 0.7130347222222222 0.3023268229166666 0.7130347222222222
1 0.3981080729166667 0.3327384259259259 0.5542044270833333 0.3327384259259259 0.5542044270833333 0.4325671296296296 0.3981080729166667 0.4325671296296296
1 0.54778515625 0.32613657407407404 0.6045221354166667 0.32613657407407404 0.6045221354166667 0.4647615740740741 0.54778515625 0.4647615740740741