2 0.759375 0.3296296296296296 0.6546875 0.3296296296296296 0.6546875 0.4875 0.759375 0.4875
2 0.88125 0.35462962962962963 0.7888020833333333 0.35462962962962963 0.7888020833333333 0.5324074074074074 0.88125 0.5324074074074074
3 0.6778645833333333 0.4810185185185185 0.4625 0.4810185185185185 0.4625 0.5842592592592593 0.6778645833333333 0.5842592592592593
3 0.7046875 0.8574074074074074 0.4875 0.8574074074074074 0.4875 0.9981481481481481 0.7046875 0.9981481481481481
3 0.6123984375 0.5901875 0.7312994791666667 0.5901875 0.7312994791666667 0.7205254629629629 0.6123984375 0.7205254629629629
3 0.41704817708333336 0.6060902777777778 0.6213424479166666 0.6060902777777778 0.6213424479166666 0.8177152777777779 0.41704817708333336 0.8177152777777779
3 0.3474322916666666 0.5757268518518519 0.5823072916666666 0.5757268518518519 0.5823072916666666 0.7205231481481481 0.3474322916666666 0.7205231481481481
3 0.30644140625000005 0.46873611111111113 0.42697005208333333 0.46873611111111113 0.42697005208333333 0.5816805555555555 0.30644140625000005 0.5816805555555555
3 0.3207578125 0.5121111111111111 0.47007552083333337 0.5121111111111111 0.47007552083333337 0.6522592592592593 0.3207578125 0.6522592592592593
3 0.43510286458333336 0.46006249999999993 0.4886158854166666 0.46006249999999993 0.4886158854166666 0.5377152777777777 0.43510286458333336 0.5377152777777777
0 0.014322916666666666 0.42824074074074076 0.16731770833333334 0.42824074074074076 0.16731770833333334 0.6736111111111112 0.014322916666666666 0.6736111111111112