3 0.2769375 0.5258657407407407 0.4912916666666666 0.5258657407407407 0.4912916666666666 0.6664768518518519 0.2769375 0.6664768518518519
3 0.2986484375 0.5599375 0.5776171875 0.5599375 0.5776171875 0.769275462962963 0.2986484375 0.769275462962963
3 0.33568749999999997 0.6009513888888888 0.6234166666666667 0.6009513888888888 0.6234166666666667 0.9123541666666667 0.33568749999999997 0.9123541666666667
3 0.44117578125 0.4431527777777778 0.4588971354166667 0.4431527777777778 0.4588971354166667 0.525125 0.44117578125 0.525125
3 0.6252278645833333 0.5782361111111111 0.7626315104166667 0.5782361111111111 0.7626315104166667 0.7424675925925927 0.6252278645833333 0.7424675925925927
3 0.45511979166666666 0.46416666666666667 0.57671875 0.46416666666666667 0.57671875 0.5621944444444446 0.45511979166666666 0.5621944444444446
1 0.4510299479166667 0.3214907407407408 0.60233984375 0.3214907407407408 0.60233984375 0.4524537037037037 0.4510299479166667 0.4524537037037037
1 0.17107291666666669 0.3673819444444445 0.38882812499999997 0.3673819444444445 0.38882812499999997 0.5662662037037037 0.17107291666666669 0.5662662037037037
1 0.6045065104166666 0.32861111111111113 0.68967578125 0.32861111111111113 0.68967578125 0.5025925925925927 0.6045065104166666 0.5025925925925927
2 0.9658489583333333 0.401349537037037 1 0.401349537037037 1 0.6641875 0.9658489583333333 0.6641875
2 0.8815065104166666 0.37505092592592587 0.9637486979166667 0.37505092592592587 0.9637486979166667 0.6198935185185185 0.8815065104166666 0.6198935185185185
2 0.7540325520833334 0.3645092592592592 0.8788893229166667 0.3645092592592592 0.8788893229166667 0.5421111111111111 0.7540325520833334 0.5421111111111111