1 0.3609375 0.3234375 0.3609375 0.3796875 0.5234375 0.3796875 0.5234375 0.3234375
3 0.48125 0.4953125 0.48125 0.6203125 0.6578125 0.6203125 0.6578125 0.4953125
3 0.6 0.5796875 0.6 0.74375 0.825 0.74375 0.825 0.5796875
3 0.4328125 0.4625 0.4328125 0.53125 0.5046875 0.53125 0.5046875 0.4625
1 0.8515950520833333 0.42846296296296293 0.9373007812499999 0.42846296296296293 0.9373007812499999 0.7486944444444443 0.8515950520833333 0.7486944444444443
2 0.8656718750000001 0.38536574074074076 0.9860989583333333 0.38536574074074076 0.9860989583333333 0.490587962962963 0.8656718750000001 0.490587962962963
1 0.40011979166666667 0.32635879629629627 0.48140625 0.32635879629629627 0.48140625 0.41865972222222225 0.40011979166666667 0.41865972222222225
1 0.45438671875000003 0.3505185185185185 0.6027799479166667 0.3505185185185185 0.6027799479166667 0.46196296296296296 0.45438671875000003 0.46196296296296296
1 0.13944661458333335 0.395474537037037 0.25623567708333334 0.395474537037037 0.25623567708333334 0.6582939814814814 0.13944661458333335 0.6582939814814814
1 0.19526822916666664 0.41232407407407407 0.40474739583333336 0.41232407407407407 0.40474739583333336 0.697851851851852 0.19526822916666664 0.697851851851852
1 0.13944661458333335 0.395474537037037 0.25623567708333334 0.395474537037037 0.25623567708333334 0.6582939814814814 0.13944661458333335 0.6582939814814814
1 0.2177421875 0.354875 0.35556510416666665 0.354875 0.35556510416666665 0.4334768518518518 0.2177421875 0.4334768518518518