0 0.03879296875 0.48353009259259266 0.18985807291666668 0.48353009259259266 0.18985807291666668 0.7566365740740741 0.03879296875 0.7566365740740741
3 0.26994270833333334 0.5071226851851852 0.48524479166666673 0.5071226851851852 0.48524479166666673 0.6544513888888889 0.26994270833333334 0.6544513888888889
3 0.2986484375 0.55675 0.5776171875 0.55675 0.5776171875 0.7705185185185186 0.2986484375 0.7705185185185186
3 0.33568749999999997 0.5952384259259259 0.6331770833333333 0.5952384259259259 0.6331770833333333 0.9136041666666667 0.33568749999999997 0.9136041666666667
3 0.62069921875 0.5753842592592593 0.72923828125 0.5753842592592593 0.72923828125 0.7402916666666667 0.62069921875 0.7402916666666667
3 0.4743203125 0.4760532407407408 0.6004765625 0.4760532407407408 0.6004765625 0.5831226851851852 0.4743203125 0.5831226851851852
1 0.2442669270833333 0.3349791666666667 0.37970703125 0.3349791666666667 0.37970703125 0.46246527777777774 0.2442669270833333 0.46246527777777774
1 0.41066406250000004 0.3280185185185185 0.5036432291666667 0.3280185185185185 0.5036432291666667 0.44199074074074074 0.41066406250000004 0.44199074074074074
1 0.6047630208333333 0.3896203703703704 0.7445911458333334 0.3896203703703704 0.7445911458333334 0.5848888888888889 0.6047630208333333 0.5848888888888889
3 0.4682239583333333 0.46896296296296297 0.48365625 0.46896296296296297 0.48365625 0.5186944444444445 0.4682239583333333 0.5186944444444445
3 0.4458997395833333 0.45524768518518516 0.4605065104166667 0.45524768518518516 0.4605065104166667 0.5139930555555555 0.4458997395833333 0.5139930555555555
3 0.7140846354166667 0.6137453703703704 0.9121236979166667 0.6137453703703704 0.9121236979166667 0.8233472222222221 0.7140846354166667 0.8233472222222221