3 0.32859505208333334 0.6146319444444445 0.6230507812500001 0.6146319444444445 0.6230507812500001 0.9032013888888889 0.32859505208333334 0.9032013888888889
3 0.3010677083333333 0.5619259259259259 0.5786770833333333 0.5619259259259259 0.5786770833333333 0.7273703703703704 0.3010677083333333 0.7273703703703704
3 0.2717916666666666 0.5116458333333334 0.4923125 0.5116458333333334 0.4923125 0.6646782407407408 0.2717916666666666 0.6646782407407408
3 0.5329986979166667 0.5222037037037037 0.5602877604166667 0.5222037037037037 0.5602877604166667 0.5866666666666666 0.5329986979166667 0.5866666666666666
3 0.62182421875 0.5686944444444444 0.7101236979166666 0.5686944444444444 0.7101236979166666 0.7598796296296296 0.62182421875 0.7598796296296296
3 0.44476171875 0.4544768518518518 0.46287890625000006 0.4544768518518518 0.46287890625000006 0.5275509259259259 0.44476171875 0.5275509259259259
3 0.46210416666666665 0.45922453703703703 0.5123958333333333 0.45922453703703703 0.5123958333333333 0.5583587962962964 0.46210416666666665 0.5583587962962964
0 0.009501302083333323 0.4801435185185185 0.18029036458333333 0.4801435185185185 0.18029036458333333 0.7509768518518518 0.009501302083333323 0.7509768518518518
1 0.56323828125 0.3960231481481482 0.7656992187499999 0.3960231481481482 0.7656992187499999 0.5362175925925926 0.56323828125 0.5362175925925926
3 0.7171132812500001 0.6204166666666667 0.91088671875 0.6204166666666667 0.91088671875 0.8262592592592592 0.7171132812500001 0.8262592592592592
1 0.24555729166666668 0.33601851851851855 0.3936458333333333 0.33601851851851855 0.3936458333333333 0.47400925925925924 0.24555729166666668 0.47400925925925924
1 0.40755078125 0.3210972222222222 0.5566940104166667 0.3210972222222222 0.5566940104166667 0.4450324074074074 0.40755078125 0.4450324074074074