1 0.2015625 0.3515625 0.2015625 0.421875 0.375 0.421875 0.375 0.3515625
2 0.828125 0.38125 0.828125 0.6078125 0.9625 0.6078125 0.9625 0.38125
3 0.6 0.571875 0.6 0.734375 0.76875 0.734375 0.76875 0.571875
1 0.68612109375 0.3584259259259259 0.8625768229166667 0.3584259259259259 0.8625768229166667 0.5703425925925926 0.68612109375 0.5703425925925926
1 0.4480260416666667 0.3484305555555556 0.5949583333333333 0.3484305555555556 0.5949583333333333 0.4882546296296297 0.4480260416666667 0.4882546296296297
1 0.41430338541666667 0.3248773148148148 0.5367486979166666 0.3248773148148148 0.5367486979166666 0.40372453703703703 0.41430338541666667 0.40372453703703703
1 0.36869921875 0.33344212962962966 0.42112890625 0.33344212962962966 0.42112890625 0.4111504629629629 0.36869921875 0.4111504629629629
1 0.20751562499999998 0.42189583333333325 0.4064479166666667 0.42189583333333325 0.4064479166666667 0.6129189814814815 0.20751562499999998 0.6129189814814815
1 0.13309114583333334 0.39415740740740735 0.2566640625 0.39415740740740735 0.2566640625 0.6462129629629629 0.13309114583333334 0.6462129629629629
3 0.5217994791666666 0.5195555555555555 0.6257213541666666 0.5195555555555555 0.6257213541666666 0.68575 0.5217994791666666 0.68575
3 0.46698828125 0.4805833333333333 0.53933984375 0.4805833333333333 0.53933984375 0.5875 0.46698828125 0.5875
3 0.43191015625 0.4571967592592593 0.4862825520833333 0.4571967592592593 0.4862825520833333 0.5547476851851852 0.43191015625 0.5547476851851852