1 0.25 0.3296875 0.25 0.43125 0.4171875 0.43125 0.4171875 0.3296875
1 0.0984375 0.421875 0.0984375 0.6546875 0.2375 0.6546875 0.2375 0.421875
3 0.246875 0.4734375 0.246875 0.6140625 0.446875 0.6140625 0.446875 0.4734375
2 0.8479739583333334 0.3850092592592592 0.9186979166666667 0.3850092592592592 0.9186979166666667 0.6069444444444444 0.8479739583333334 0.6069444444444444
1 0.7441757812500001 0.3959560185185186 0.8690846354166666 0.3959560185185186 0.8690846354166666 0.6532476851851853 0.7441757812500001 0.6532476851851853
2 0.5741510416666666 0.31792592592592595 0.6823125 0.31792592592592595 0.6823125 0.3642685185185185 0.5741510416666666 0.3642685185185185
1 0.5357096354166667 0.3331111111111111 0.6845247395833333 0.3331111111111111 0.6845247395833333 0.4333981481481482 0.5357096354166667 0.4333981481481482
1 0.49171744791666666 0.35914814814814816 0.6415690104166667 0.35914814814814816 0.6415690104166667 0.4993703703703704 0.49171744791666666 0.4993703703703704
3 0.30123828124999996 0.5115671296296297 0.46545442708333334 0.5115671296296297 0.46545442708333334 0.7113402777777778 0.30123828124999996 0.7113402777777778
3 0.31146484375 0.6262361111111111 0.6636080729166667 0.6262361111111111 0.6636080729166667 0.9203564814814814 0.31146484375 0.9203564814814814
3 0.46146354166666664 0.48998842592592595 0.541703125 0.48998842592592595 0.541703125 0.5899652777777777 0.46146354166666664 0.5899652777777777
3 0.52748828125 0.521076388888889 0.72696484375 0.521076388888889 0.72696484375 0.6499421296296296 0.52748828125 0.6499421296296296