3 0.49375 0.4412313432835821 0.35104166666666664 0.4412313432835821 0.35104166666666664 0.6044776119402985 0.49375 0.6044776119402985
1 0.9588541666666667 0.21641791044776118 0.815625 0.21641791044776118 0.815625 0.6371268656716418 0.9588541666666667 0.6371268656716418
3 0.5479166666666667 0.283955223880597 0.6133333333333333 0.283955223880597 0.6133333333333333 0.3826119402985074 0.5479166666666667 0.3826119402985074
1 0.36000000000000004 0.1757509328358209 0.5239583333333333 0.1757509328358209 0.5239583333333333 0.35872667910447764 0.36000000000000004 0.35872667910447764
3 0.29750000000000004 0.37909981343283583 0.43854166666666666 0.37909981343283583 0.43854166666666666 0.5154897388059702 0.29750000000000004 0.5154897388059702
1 0.45333333333333337 0.2690251865671642 0.8114583333333333 0.2690251865671642 0.8114583333333333 0.7603404850746269 0.45333333333333337 0.7603404850746269
1 0.3466666666666666 0.33805503731343284 0.75 0.33805503731343284 0.75 0.9992210820895522 0.3466666666666666 0.9992210820895522
3 0.23124999999999998 0.573134328358209 0.5091666666666667 0.573134328358209 0.5091666666666667 0.9708582089552239 0.23124999999999998 0.9708582089552239
3 0.10104166666666667 0.6738805970149254 0.35500000000000004 0.6738805970149254 0.35500000000000004 1 0.10104166666666667 1
3 0.08333333333333333 0.5861893656716418 0.20833333333333334 0.5861893656716418 0.20833333333333334 0.7678031716417911 0.08333333333333333 0.7678031716417911
3 0 0.8585820895522389 0.065625 0.8585820895522389 0.065625 1 0 1
3 0 0.8082089552238806 0.0375 0.8082089552238806 0.0375 0.8663432835820895 0 0.8663432835820895