1 0.203125 0.346875 0.203125 0.4125 0.3796875 0.4125 0.3796875 0.346875
1 0.14375 0.3984375 0.14375 0.5890625 0.359375 0.5890625 0.359375 0.3984375
1 0.6859375 0.403125 0.6859375 0.546875 0.8921875 0.546875 0.8921875 0.403125
0 0.009375 0.44375 0.009375 0.6625 0.15 0.6625 0.15 0.44375
2 0.7913255208333332 0.3598680555555555 0.8971901041666667 0.3598680555555555 0.8971901041666667 0.44953935185185184 0.7913255208333332 0.44953935185185184
2 0.9139127604166667 0.3941736111111111 0.9916341145833333 0.3941736111111111 0.9916341145833333 0.42352083333333335 0.9139127604166667 0.42352083333333335
1 0.8242591145833333 0.4151643518518518 0.9796627604166667 0.4151643518518518 0.9796627604166667 0.7179930555555556 0.8242591145833333 0.7179930555555556
2 0.9780208333333335 0.3913194444444444 1 0.3913194444444444 1 0.6791527777777777 0.9780208333333335 0.6791527777777777
3 0.65098828125 0.5764444444444444 0.75899609375 0.5764444444444444 0.75899609375 0.7432592592592593 0.65098828125 0.7432592592592593
3 0.4405013020833333 0.46063425925925927 0.5065299479166667 0.46063425925925927 0.5065299479166667 0.5696805555555555 0.4405013020833333 0.5696805555555555
3 0.5173307291666667 0.5435972222222223 0.6120390625 0.5435972222222223 0.6120390625 0.6616435185185185 0.5173307291666667 0.6616435185185185
3 0.5210130208333333 0.5152662037037038 0.6658723958333334 0.5152662037037038 0.6658723958333334 0.5645300925925926 0.5210130208333333 0.5645300925925926