3 0.9028645833333333 0.6342592592592593 0.7296875 0.6342592592592593 0.7296875 0.8263888888888888 0.9028645833333333 0.8263888888888888
1 0.6809895833333334 0.387037037037037 0.446875 0.387037037037037 0.446875 0.5263888888888889 0.6809895833333334 0.5263888888888889
2 0.7638020833333333 0.33425925925925926 0.6763020833333333 0.33425925925925926 0.6763020833333333 0.4875 0.7638020833333333 0.4875
3 0.7450520833333333 0.7296296296296296 0.484375 0.7296296296296296 0.484375 0.9981481481481481 0.7450520833333333 0.9981481481481481
3 0.41848958333333336 0.4699074074074074 0.25755208333333335 0.4699074074074074 0.25755208333333335 0.6995370370370371 0.41848958333333336 0.6995370370370371
2 0.7931536458333334 0.3630046296296296 0.8652421874999999 0.3630046296296296 0.8652421874999999 0.538513888888889 0.7931536458333334 0.538513888888889
2 0.5761575520833333 0.32559490740740743 0.6842903645833334 0.32559490740740743 0.6842903645833334 0.38884027777777774 0.5761575520833333 0.38884027777777774
3 0.294390625 0.5240138888888889 0.48394270833333336 0.5240138888888889 0.48394270833333336 0.668662037037037 0.294390625 0.668662037037037
3 0.44442317708333334 0.5565416666666667 0.5708528645833333 0.5565416666666667 0.5708528645833333 0.7077083333333334 0.44442317708333334 0.7077083333333334
3 0.4454505208333333 0.45691203703703703 0.4722161458333334 0.45691203703703703 0.4722161458333334 0.5194861111111111 0.4454505208333333 0.5194861111111111
3 0.54508984375 0.5420092592592592 0.6246080729166668 0.5420092592592592 0.6246080729166668 0.6403981481481481 0.54508984375 0.6403981481481481
3 0.5944244791666667 0.6027916666666666 0.7172161458333333 0.6027916666666666 0.7172161458333333 0.7043287037037038 0.5944244791666667 0.7043287037037038