3 0.434375 0.3843283582089552 0.3 0.3843283582089552 0.3 0.4925373134328358 0.434375 0.4925373134328358
1 0.9635416666666666 0.21735074626865672 0.8447916666666667 0.21735074626865672 0.8447916666666667 0.6343283582089553 0.9635416666666666 0.6343283582089553
1 0.784375 0.2733208955223881 0.5260416666666666 0.2733208955223881 0.5260416666666666 0.6548507462686567 0.784375 0.6548507462686567
3 0.5633333333333332 0.3343283582089552 0.5916666666666667 0.3343283582089552 0.5916666666666667 0.378134328358209 0.5633333333333332 0.378134328358209
1 0.3658333333333334 0.1794776119402985 0.5270833333333333 0.1794776119402985 0.5270833333333333 0.378134328358209 0.3658333333333334 0.378134328358209
3 0.3572916666666667 0.43321361940298503 0.5316666666666666 0.43321361940298503 0.5316666666666666 0.597607276119403 0.3572916666666667 0.597607276119403
3 0.225 0.5582042910447761 0.375 0.5582042910447761 0.375 0.6991277985074626 0.225 0.6991277985074626
3 0.09166666666666666 0.653358208955224 0.38083333333333336 0.653358208955224 0.38083333333333336 1 0.09166666666666666 1
3 0.10208333333333333 0.5843283582089553 0.20416666666666666 0.5843283582089553 0.20416666666666666 0.7483955223880597 0.10208333333333333 0.7483955223880597
3 0 0.862313432835821 0.071875 0.862313432835821 0.071875 1 0 1
3 0 0.8026119402985075 0.03229166666666667 0.8026119402985075 0.03229166666666667 0.8678358208955225 0 0.8678358208955225
1 0.1758333333333333 0.4182835820895523 0.7 0.4182835820895523 0.7 1 0.1758333333333333 1