3 0.7622395833333333 0.5824074074074074 0.6171875 0.5824074074074074 0.6171875 0.7421296296296296 0.7622395833333333 0.7421296296296296
3 0.6763020833333333 0.47453703703703703 0.48098958333333336 0.47453703703703703 0.48098958333333336 0.5763888888888888 0.6763020833333333 0.5763888888888888
3 0.7546875 0.75 0.484375 0.75 0.484375 0.9981481481481481 0.7546875 0.9981481481481481
1 0.8180677083333332 0.4569421296296296 0.9313645833333334 0.4569421296296296 0.9313645833333334 0.7674282407407408 0.8180677083333332 0.7674282407407408
2 0.83266796875 0.40221064814814816 0.96866015625 0.40221064814814816 0.96866015625 0.46583564814814815 0.83266796875 0.46583564814814815
2 0.7890377604166667 0.3584212962962963 0.8363632812499999 0.3584212962962963 0.8363632812499999 0.5108842592592593 0.7890377604166667 0.5108842592592593
3 0.28113281250000005 0.48353009259259255 0.4160703125 0.48353009259259255 0.4160703125 0.6009884259259259 0.28113281250000005 0.6009884259259259
3 0.27339192708333326 0.5226249999999999 0.46884765625 0.5226249999999999 0.46884765625 0.653550925925926 0.27339192708333326 0.653550925925926
3 0.3381328125 0.5538981481481481 0.5612109375000001 0.5538981481481481 0.5612109375000001 0.7248796296296296 0.3381328125 0.7248796296296296
3 0.43806119791666664 0.5929930555555555 0.6201471354166667 0.5929930555555555 0.6201471354166667 0.8362569444444444 0.43806119791666664 0.8362569444444444
3 0.42102994791666665 0.45170370370370366 0.48198567708333334 0.45170370370370366 0.48198567708333334 0.5210555555555556 0.42102994791666665 0.5210555555555556