3 0.5322916666666667 0.4412313432835821 0.3546875 0.4412313432835821 0.3546875 0.6072761194029851 0.5322916666666667 0.6072761194029851
1 0.9671875 0.22014925373134328 0.8385416666666666 0.22014925373134328 0.8385416666666666 0.6343283582089553 0.9671875 0.6343283582089553
1 0.8010416666666667 0.27238805970149255 0.5546875 0.27238805970149255 0.5546875 0.6707089552238806 0.8010416666666667 0.6707089552238806
1 0.4091666666666666 0.3361940298507463 0.7666666666666667 0.3361940298507463 0.7666666666666667 1 0.4091666666666666 1
1 0.3725 0.17948227611940298 0.5291666666666667 0.17948227611940298 0.5291666666666667 0.34977145522388065 0.3725 0.34977145522388065
3 0.2991666666666667 0.33992070895522386 0.48333333333333334 0.33992070895522386 0.48333333333333334 0.5244449626865672 0.2991666666666667 0.5244449626865672
3 0.5625 0.33993003731343285 0.5950000000000001 0.33993003731343285 0.5950000000000001 0.41098414179104475 0.5625 0.41098414179104475
3 0.228125 0.5843283582089552 0.49 0.5843283582089552 0.49 0.9663805970149254 0.228125 0.9663805970149254
3 0.09791666666666667 0.6813432835820896 0.38666666666666666 0.6813432835820896 0.38666666666666666 1 0.09791666666666667 1
3 0 0.8660447761194031 0.07083333333333333 0.8660447761194031 0.07083333333333333 1 0 1
3 0 0.8026119402985075 0.029166666666666667 0.8026119402985075 0.029166666666666667 0.8693283582089552 0 0.8693283582089552
3 0.07833333333333332 0.599258395522388 0.20520833333333333 0.599258395522388 0.20520833333333333 0.776767723880597 0.07833333333333332 0.776767723880597