3 0.6778645833333333 0.47638888888888886 0.48880208333333336 0.47638888888888886 0.48880208333333336 0.5810185185185185 0.6778645833333333 0.5810185185185185
1 0.609375 0.3388888888888889 0.45286458333333335 0.3388888888888889 0.45286458333333335 0.44675925925925924 0.609375 0.44675925925925924
3 0.7513020833333334 0.7467592592592592 0.484375 0.7467592592592592 0.484375 0.9981481481481481 0.7513020833333334 0.9981481481481481
3 0.7622395833333333 0.5824074074074074 0.6388020833333333 0.5824074074074074 0.6388020833333333 0.7199074074074074 0.7622395833333333 0.7199074074074074
2 0.8559895833333333 0.3527777777777778 0.7875 0.3527777777777778 0.7875 0.5435185185185185 0.8559895833333333 0.5435185185185185
3 0.25435156249999996 0.4925393518518518 0.41861718749999993 0.4925393518518518 0.41861718749999993 0.5955254629629628 0.25435156249999996 0.5955254629629628
3 0.30178125 0.5169606481481481 0.475734375 0.5169606481481481 0.475734375 0.6418078703703703 0.30178125 0.6418078703703703
3 0.36135546875 0.5748009259259259 0.5711705729166667 0.5748009259259259 0.5711705729166667 0.7333564814814815 0.36135546875 0.7333564814814815
3 0.37928515625 0.6313541666666667 0.6239492187500001 0.6313541666666667 0.6239492187500001 0.8464976851851852 0.37928515625 0.8464976851851852
3 0.42584765625000004 0.4488356481481482 0.5128971354166667 0.4488356481481482 0.5128971354166667 0.5512939814814816 0.42584765625000004 0.5512939814814816
0 0.014322916666666666 0.4097222222222222 0.16471354166666666 0.4097222222222222 0.16471354166666666 0.7048611111111112 0.014322916666666666 0.7048611111111112