1 0.43288541666666663 0.3248541666666667 0.5710104166666666 0.3248541666666667 0.5710104166666666 0.4473125 0.43288541666666663 0.4473125
3 0.6295078125000001 0.586949074074074 0.7442057291666667 0.586949074074074 0.7442057291666667 0.750337962962963 0.6295078125000001 0.750337962962963
3 0.3285950520833333 0.6244976851851851 0.62637890625 0.6244976851851851 0.62637890625 0.9219467592592594 0.3285950520833333 0.9219467592592594
3 0.3010677083333333 0.5619259259259259 0.5786770833333333 0.5619259259259259 0.5786770833333333 0.7273703703703704 0.3010677083333333 0.7273703703703704
0 0.01714713541666666 0.4791018518518519 0.1763111979166667 0.4791018518518519 0.1763111979166667 0.7391388888888889 0.01714713541666666 0.7391388888888889
3 0.2814192708333333 0.5266828703703703 0.4947890625 0.5266828703703703 0.4947890625 0.6646782407407408 0.2814192708333333 0.6646782407407408
1 0.5805598958333333 0.32624768518518515 0.6440182291666667 0.32624768518518515 0.6440182291666667 0.4258726851851852 0.5805598958333333 0.4258726851851852
1 0.5805572916666666 0.39675925925925926 0.765359375 0.39675925925925926 0.765359375 0.5555000000000001 0.5805572916666666 0.5555000000000001
3 0.71416015625 0.6162824074074075 0.9112096354166667 0.6162824074074075 0.9112096354166667 0.8246064814814815 0.71416015625 0.8246064814814815
3 0.4477786458333333 0.4435763888888889 0.46077343750000005 0.4435763888888889 0.46077343750000005 0.5143217592592593 0.4477786458333333 0.5143217592592593
3 0.46054817708333334 0.46165740740740746 0.49083203125 0.46165740740740746 0.49083203125 0.5352222222222223 0.46054817708333334 0.5352222222222223
3 0.4873294270833333 0.4777314814814814 0.58666015625 0.4777314814814814 0.58666015625 0.5866666666666667 0.4873294270833333 0.5866666666666667