3 0.2802096354166667 0.5321111111111112 0.4292591145833333 0.5321111111111112 0.4292591145833333 0.63725 0.2802096354166667 0.63725
3 0.442609375 0.4507083333333333 0.466453125 0.4507083333333333 0.466453125 0.5233842592592592 0.442609375 0.5233842592592592
3 0.4600078125 0.4682037037037037 0.48462239583333333 0.4682037037037037 0.48462239583333333 0.54825 0.4600078125 0.54825
3 0.4840520833333333 0.47434259259259254 0.6733489583333333 0.47434259259259254 0.6733489583333333 0.5856851851851852 0.4840520833333333 0.5856851851851852
2 0.8257096354166666 0.3820601851851852 0.9838059895833333 0.3820601851851852 0.9838059895833333 0.574912037037037 0.8257096354166666 0.574912037037037
3 0.6295078125 0.586949074074074 0.7441223958333333 0.586949074074074 0.7441223958333333 0.750337962962963 0.6295078125 0.750337962962963
3 0.7139635416666666 0.6078032407407408 0.9110260416666667 0.6078032407407408 0.9110260416666667 0.8259930555555556 0.7139635416666666 0.8259930555555556
3 0.3285950520833333 0.6022430555555556 0.62637890625 0.6022430555555556 0.62637890625 0.9316828703703705 0.3285950520833333 0.9316828703703705
3 0.3010677083333333 0.5619259259259259 0.5786770833333333 0.5619259259259259 0.5786770833333333 0.7273703703703704 0.3010677083333333 0.7273703703703704
1 0.19537109375000003 0.40765277777777775 0.38350390624999997 0.40765277777777775 0.38350390624999997 0.5595416666666666 0.19537109375000003 0.5595416666666666
1 0.2714322916666667 0.3411967592592592 0.43140104166666665 0.3411967592592592 0.43140104166666665 0.40480324074074076 0.2714322916666667 0.40480324074074076
3 0.5920169270833334 0.5493356481481481 0.6320091145833333 0.5493356481481481 0.6320091145833333 0.5958680555555556 0.5920169270833334 0.5958680555555556