3 0.9028645833333333 0.6435185185185185 0.7388020833333333 0.6435185185185185 0.7388020833333333 0.8245370370370371 0.9028645833333333 0.8245370370370371
3 0.7575520833333333 0.5856481481481481 0.609375 0.5856481481481481 0.609375 0.7074074074074074 0.7575520833333333 0.7074074074074074
3 0.725 0.7513888888888889 0.484375 0.7513888888888889 0.484375 0.9981481481481481 0.725 0.9981481481481481
2 0.6625 0.3106481481481482 0.5796875 0.3106481481481482 0.5796875 0.45925925925925926 0.6625 0.45925925925925926
1 0.19375 0.3384259259259259 0.37109375 0.3384259259259259 0.37109375 0.521074074074074 0.19375 0.521074074074074
1 0.36911067708333334 0.33561574074074074 0.52778515625 0.33561574074074074 0.52778515625 0.4355972222222222 0.36911067708333334 0.4355972222222222
3 0.29941796875 0.4904930555555556 0.42290494791666666 0.4904930555555556 0.42290494791666666 0.5944328703703703 0.29941796875 0.5944328703703703
3 0.33595442708333334 0.5280856481481482 0.47872786458333333 0.5280856481481482 0.47872786458333333 0.6269236111111112 0.33595442708333334 0.6269236111111112
3 0.37587760416666666 0.5581597222222222 0.5362421875 0.5581597222222222 0.5362421875 0.7376273148148148 0.37587760416666666 0.7376273148148148
3 0.5509544270833333 0.5498217592592592 0.6159153645833333 0.5498217592592592 0.6159153645833333 0.6647337962962964 0.5509544270833333 0.6647337962962964
3 0.43372786458333334 0.44996759259259256 0.48149609374999996 0.44996759259259256 0.48149609374999996 0.5299305555555555 0.43372786458333334 0.5299305555555555
3 0.48305989583333336 0.5020671296296296 0.5459713541666668 0.5020671296296296 0.5459713541666668 0.5834328703703703 0.48305989583333336 0.5834328703703703