3 0.5234375 0.4412313432835821 0.3546875 0.4412313432835821 0.3546875 0.6044776119402985 0.5234375 0.6044776119402985
1 0.9494791666666667 0.21735074626865672 0.7932291666666667 0.21735074626865672 0.7932291666666667 0.6315298507462687 0.9494791666666667 0.6315298507462687
1 0.784375 0.20242537313432835 0.5588541666666667 0.20242537313432835 0.5588541666666667 0.3162313432835821 0.784375 0.3162313432835821
1 0.8088541666666667 0.27798507462686567 0.5385416666666667 0.27798507462686567 0.5385416666666667 0.683768656716418 0.8088541666666667 0.683768656716418
1 0.3483333333333334 0.3865671641791045 0.7552083333333334 0.3865671641791045 0.7552083333333334 1 0.3483333333333334 1
3 0.29500000000000004 0.3623087686567164 0.4427083333333333 0.3623087686567164 0.4427083333333333 0.5154897388059702 0.29500000000000004 0.5154897388059702
1 0.3766666666666667 0.17015391791044773 0.5385416666666667 0.17015391791044773 0.5385416666666667 0.3542490671641791 0.3766666666666667 0.3542490671641791
3 0.228125 0.5675373134328358 0.5125 0.5675373134328358 0.5125 0.9693656716417909 0.228125 0.9693656716417909
3 0.090625 0.6720149253731345 0.3733333333333333 0.6720149253731345 0.3733333333333333 1 0.090625 1
3 0.08416666666666668 0.5899207089552239 0.20833333333333334 0.5899207089552239 0.20833333333333334 0.7558628731343284 0.08416666666666668 0.7558628731343284
3 0 0.862313432835821 0.058333333333333334 0.862313432835821 0.058333333333333334 1 0 1
3 0 0.7988805970149254 0.040625 0.7988805970149254 0.040625 0.8708208955223881 0 0.8708208955223881