2 0.9522447916666666 0.4023541666666667 1 0.4023541666666667 1 0.6995162037037037 0.9522447916666666 0.6995162037037037
2 0.831859375 0.38951157407407405 0.92540625 0.38951157407407405 0.92540625 0.5781273148148147 0.831859375 0.5781273148148147
0 0.0037929687499999995 0.4344537037037036 0.18780078125 0.4344537037037036 0.18780078125 0.7290833333333333 0.0037929687499999995 0.7290833333333333
3 0.24506901041666668 0.4405717592592593 0.4212122395833333 0.4405717592592593 0.4212122395833333 0.5845671296296296 0.24506901041666668 0.5845671296296296
3 0.2653619791666667 0.5142523148148147 0.4973359375 0.5142523148148147 0.4973359375 0.6982847222222223 0.2653619791666667 0.6982847222222223
3 0.2991822916666667 0.5623657407407407 0.5734583333333333 0.5623657407407407 0.5734583333333333 0.7759120370370369 0.2991822916666667 0.7759120370370369
3 0.3336171875 0.6074791666666667 0.6216692708333333 0.6074791666666667 0.6216692708333333 0.9071226851851851 0.3336171875 0.9071226851851851
3 0.44156510416666667 0.45592129629629624 0.4985390625 0.45592129629629624 0.4985390625 0.5175694444444444 0.44156510416666667 0.5175694444444444
3 0.48462890625 0.4902013888888889 0.62704296875 0.4902013888888889 0.62704296875 0.5840393518518519 0.48462890625 0.5840393518518519
3 0.6228059895833333 0.5852222222222222 0.7085950520833334 0.5852222222222222 0.7085950520833334 0.7356759259259259 0.6228059895833333 0.7356759259259259
3 0.6992382812500001 0.6282708333333333 0.9221627604166667 0.6282708333333333 0.9221627604166667 0.8207847222222222 0.6992382812500001 0.8207847222222222