1 0.4453125 0.3453125 0.4453125 0.453125 0.6125 0.453125 0.6125 0.3453125
2 0.84375 0.3859375 0.84375 0.6015625 0.9109375 0.6015625 0.9109375 0.3859375
1 0.2015625 0.3515625 0.2015625 0.4171875 0.203125 0.4171875 0.2078125 0.4125 0.21875 0.4125 0.2203125 0.4140625 0.2234375 0.4140625 0.225 0.415625 0.225 0.4171875 0.3875 0.4171875 0.3875 0.3515625
2 0.7625 0.3546875 0.7625 0.540625 0.84375 0.540625 0.84375 0.3546875
1 0.4 0.328125 0.4 0.4046875 0.590625 0.4046875 0.590625 0.328125
2 0.9046875 0.3953125 0.9046875 0.61875 0.9859375 0.61875 0.9859375 0.3953125
3 0.6125 0.5875 0.6125 0.7140625 0.7625 0.7140625 0.7625 0.5875
3 0.5359375 0.525 0.5359375 0.6640625 0.6671875 0.6640625 0.6671875 0.525
1 0.18845572916666667 0.4219074074074074 0.39621614583333326 0.4219074074074074 0.39621614583333326 0.685574074074074 0.18845572916666667 0.685574074074074
1 0.13156510416666667 0.3966226851851852 0.28090885416666667 0.3966226851851852 0.28090885416666667 0.6328217592592592 0.13156510416666667 0.6328217592592592
3 0.47459114583333334 0.46972685185185187 0.5608307291666667 0.46972685185185187 0.5608307291666667 0.6040787037037036 0.47459114583333334 0.6040787037037036
3 0.42805208333333333 0.4421759259259259 0.48504687500000004 0.4421759259259259 0.48504687500000004 0.5555000000000001 0.42805208333333333 0.5555000000000001