3 0.9028645833333333 0.6370370370370371 0.7403645833333333 0.6370370370370371 0.7403645833333333 0.8245370370370371 0.9028645833333333 0.8245370370370371
1 0.6888020833333334 0.38564814814814813 0.43255208333333334 0.38564814814814813 0.43255208333333334 0.5277777777777778 0.6888020833333334 0.5277777777777778
3 0.7546875 0.5921296296296297 0.5778645833333333 0.5921296296296297 0.5778645833333333 0.7138888888888889 0.7546875 0.7138888888888889
3 0.421875 0.47453703703703703 0.25755208333333335 0.47453703703703703 0.25755208333333335 0.6185185185185185 0.421875 0.6185185185185185
2 0.753125 0.3296296296296296 0.6671875 0.3296296296296296 0.6671875 0.49675925925925923 0.753125 0.49675925925925923
3 0.7138020833333333 0.7902777777777777 0.4875 0.7902777777777777 0.4875 0.9981481481481481 0.7138020833333333 0.9981481481481481
2 0.7901119791666666 0.3603125 0.8668515625000001 0.3603125 0.8668515625000001 0.5419930555555555 0.7901119791666666 0.5419930555555555
2 0.5508072916666666 0.32703935185185184 0.6711302083333333 0.32703935185185184 0.6711302083333333 0.3945902777777778 0.5508072916666666 0.3945902777777778
3 0.40000260416666666 0.5563935185185185 0.5701901041666666 0.5563935185185185 0.5701901041666666 0.7455046296296296 0.40000260416666666 0.7455046296296296
3 0.287703125 0.5338125 0.46725 0.5338125 0.46725 0.6589652777777778 0.287703125 0.6589652777777778
3 0.43638671874999996 0.4409305555555556 0.4743372395833333 0.4409305555555556 0.4743372395833333 0.5337824074074075 0.43638671874999996 0.5337824074074075