1 0.7171875 0.3763888888888889 0.5013020833333334 0.3763888888888889 0.5013020833333334 0.5152777777777777 0.7171875 0.5152777777777777
3 0.7484375 0.5824074074074074 0.5763020833333333 0.5824074074074074 0.5763020833333333 0.7106481481481481 0.7484375 0.7106481481481481
3 0.9028645833333333 0.6513888888888889 0.7200520833333334 0.6513888888888889 0.7200520833333334 0.8296296296296296 0.9028645833333333 0.8296296296296296
3 0.7171875 0.774537037037037 0.4859375 0.774537037037037 0.4859375 0.9981481481481481 0.7171875 0.9981481481481481
3 0.5625 0.5277777777777778 0.3450520833333333 0.5277777777777778 0.3450520833333333 0.7671296296296296 0.5625 0.7671296296296296
1 0.74609375 0.3939814814814815 0.9 0.3939814814814815 0.9 0.5581203703703703 0.74609375 0.5581203703703703
2 0.59375 0.3175925925925926 0.715625 0.3175925925925926 0.715625 0.3784351851851852 0.59375 0.3784351851851852
2 0.7981770833333334 0.3523148148148148 0.8645833333333334 0.3523148148148148 0.8645833333333334 0.4043703703703704 0.7981770833333334 0.4043703703703704
3 0.33719791666666665 0.5160486111111111 0.474671875 0.5160486111111111 0.474671875 0.6465624999999999 0.33719791666666665 0.6465624999999999
3 0.29277864583333335 0.4882453703703704 0.42305989583333337 0.4882453703703704 0.42305989583333337 0.5987268518518518 0.29277864583333335 0.5987268518518518
3 0.44118489583333337 0.46024305555555556 0.5107421875 0.46024305555555556 0.5107421875 0.5415625000000001 0.44118489583333337 0.5415625000000001
3 0.546125 0.5471736111111111 0.6021666666666666 0.5471736111111111 0.6021666666666666 0.6533356481481482 0.546125 0.6533356481481482