1 0.7875 0.2891791044776119 0.3697916666666667 0.2891791044776119 0.3697916666666667 0.9860074626865671 0.7875 0.9860074626865671
0 0.7614583333333333 0.2932882462686567 1 0.2932882462686567 1 0.7095848880597014 0.7614583333333333 0.7095848880597014
1 0.6808333333333333 0.21865205223880596 0.8822916666666667 0.21865205223880596 0.8822916666666667 0.3990345149253731 0.6808333333333333 0.3990345149253731
1 0.5791666666666667 0.2093283582089552 0.7650000000000001 0.2093283582089552 0.7650000000000001 0.3094589552238806 0.5791666666666667 0.3094589552238806
1 0.4491666666666667 0.28581623134328354 0.6833333333333333 0.28581623134328354 0.6833333333333333 0.5259375000000001 0.4491666666666667 0.5259375000000001
1 0.3508333333333333 0.1589598880597015 0.5239583333333333 0.1589598880597015 0.5239583333333333 0.34977145522388065 0.3508333333333333 0.34977145522388065
3 0.30583333333333335 0.3865625 0.43645833333333334 0.3865625 0.43645833333333334 0.5139972014925374 0.30583333333333335 0.5139972014925374
3 0.22291666666666668 0.5675419776119403 0.5141666666666667 0.5675419776119403 0.5141666666666667 0.9633908582089553 0.22291666666666668 0.9633908582089553
3 0.09083333333333332 0.6048507462686568 0.20729166666666668 0.6048507462686568 0.20729166666666668 0.7513805970149254 0.09083333333333332 0.7513805970149254
3 0.07395833333333333 0.6720149253731345 0.38333333333333336 0.6720149253731345 0.38333333333333336 1 0.07395833333333333 1
3 0 0.8585820895522389 0.058333333333333334 0.8585820895522389 0.058333333333333334 1 0 1
3 0 0.8119402985074626 0.03958333333333333 0.8119402985074626 0.03958333333333333 0.8738059701492537 0 0.8738059701492537