3 0.290625 0.55625 0.290625 0.7078125 0.4765625 0.7078125 0.4765625 0.55625
3 0.3109375 0.6125 0.3109375 0.825 0.6625 0.825 0.6625 0.6125
2 0.859375 0.3734375 0.859375 0.5953125 0.9578125 0.5953125 0.9578125 0.3734375
3 0.53125 0.54375 0.53125 0.625 0.6671875 0.625 0.6671875 0.54375
1 0.1661875 0.41639814814814813 0.41431250000000003 0.41639814814814813 0.41431250000000003 0.5924537037037036 0.1661875 0.5924537037037036
1 0.6081341145833333 0.35188888888888886 0.6968138020833333 0.35188888888888886 0.6968138020833333 0.5035555555555555 0.6081341145833333 0.5035555555555555
1 0.4622825520833333 0.33650231481481485 0.6105455729166667 0.33650231481481485 0.6105455729166667 0.45561805555555557 0.4622825520833333 0.45561805555555557
1 0.43126822916666663 0.3189236111111111 0.5290286458333333 0.3189236111111111 0.5290286458333333 0.3980949074074074 0.43126822916666663 0.3980949074074074
1 0.33151953125 0.31343055555555555 0.43508984375000004 0.31343055555555555 0.43508984375000004 0.430050925925926 0.33151953125 0.430050925925926
3 0.652859375 0.5864490740740741 0.752 0.5864490740740741 0.752 0.7425231481481481 0.652859375 0.7425231481481481
3 0.46650390625 0.4872013888888889 0.5641158854166667 0.4872013888888889 0.5641158854166667 0.578974537037037 0.46650390625 0.578974537037037
3 0.43708723958333334 0.45370138888888883 0.48124609375000005 0.45370138888888883 0.48124609375000005 0.5361967592592592 0.43708723958333334 0.5361967592592592