1 0.6447916666666667 0.3572761194029851 0.30625 0.3572761194029851 0.30625 0.976679104477612 0.6447916666666667 0.976679104477612
1 0.81875 0.2727565298507463 0.9485416666666666 0.2727565298507463 0.9485416666666666 0.8872248134328359 0.81875 0.8872248134328359
1 0.4885416666666667 0.24663712686567163 0.7868750000000001 0.24663712686567163 0.7868750000000001 0.5960867537313432 0.4885416666666667 0.5960867537313432
3 0.5385416666666667 0.37350746268656715 0.5727083333333333 0.37350746268656715 0.5727083333333333 0.43186567164179107 0.5385416666666667 0.43186567164179107
3 0.08229166666666667 0.7167910447761194 0.3852083333333333 0.7167910447761194 0.3852083333333333 1 0.08229166666666667 1
3 0.11437500000000002 0.6197807835820895 0.20604166666666668 0.6197807835820895 0.20604166666666668 0.7394169776119403 0.11437500000000002 0.7394169776119403
3 0.011458333333333333 0.8305970149253732 0.08854166666666667 0.8305970149253732 0.08854166666666667 1 0.011458333333333333 1
3 0 0.7764925373134328 0.015625 0.7764925373134328 0.015625 0.9320149253731344 0 0.9320149253731344
1 0.35270833333333335 0.1496268656716418 0.5302083333333333 0.1496268656716418 0.5302083333333333 0.33182835820895523 0.35270833333333335 0.33182835820895523
1 0.5427083333333333 0.12089552238805973 0.739375 0.12089552238805973 0.739375 0.25419776119402987 0.5427083333333333 0.25419776119402987
3 0.3433333333333334 0.4033535447761194 0.39479166666666665 0.4033535447761194 0.39479166666666665 0.45875466417910443 0.3433333333333334 0.45875466417910443
3 0.4166666666666667 0.42574626865671644 0.5758333333333333 0.42574626865671644 0.5758333333333333 0.4871268656716418 0.4166666666666667 0.4871268656716418