3 0.5046875 0.4412313432835821 0.3546875 0.4412313432835821 0.3546875 0.6007462686567164 0.5046875 0.6007462686567164
1 0.9484375 0.20708955223880596 0.8338541666666667 0.20708955223880596 0.8338541666666667 0.5886194029850746 0.9484375 0.5886194029850746
1 0.4908333333333334 0.2615718283582089 0.8041666666666667 0.2615718283582089 0.8041666666666667 0.6603125 0.4908333333333334 0.6603125
1 0.1608333333333333 0.4555970149253732 0.6989583333333333 0.4555970149253732 0.6989583333333333 1 0.1608333333333333 1
3 0.10208333333333333 0.6794776119402985 0.36583333333333334 0.6794776119402985 0.36583333333333334 1 0.10208333333333333 1
3 0.23333333333333334 0.5582089552238806 0.3858333333333333 0.5582089552238806 0.3858333333333333 0.691660447761194 0.23333333333333334 0.691660447761194
3 0.29583333333333334 0.3306016791044776 0.490625 0.3306016791044776 0.490625 0.5319169776119403 0.29583333333333334 0.5319169776119403
3 0.07916666666666666 0.5899300373134329 0.2125 0.5899300373134329 0.2125 0.7752751865671642 0.07916666666666666 0.7752751865671642
3 0 0.862313432835821 0.07083333333333333 0.862313432835821 0.07083333333333333 1 0 1
3 0 0.7914179104477612 0.03125 0.7914179104477612 0.03125 0.8663432835820895 0 0.8663432835820895
1 0.35916666666666663 0.15708955223880597 0.5322916666666667 0.15708955223880597 0.5322916666666667 0.3647014925373135 0.35916666666666663 0.3647014925373135
3 0.5575 0.33618936567164176 0.6041666666666666 0.33618936567164176 0.6041666666666666 0.40500466417910447 0.5575 0.40500466417910447