1 0.259375 0.328125 0.259375 0.453125 0.44375 0.453125 0.44375 0.328125
1 0.134375 0.4859375 0.134375 0.8359375 0.409375 0.8359375 0.409375 0.4859375
1 0.828125 0.3828125 0.828125 0.65625 0.9765625 0.65625 0.9765625 0.3828125
0 0.015625 0.44375 0.015625 0.6671875 0.1265625 0.6671875 0.1265625 0.44375
1 0.453125 0.346875 0.453125 0.496875 0.6 0.496875 0.6 0.346875
1 0.12638671875 0.3944976851851852 0.17908203125 0.3944976851851852 0.17908203125 0.5194560185185185 0.12638671875 0.5194560185185185
1 0.14181901041666667 0.4155069444444445 0.2346966145833333 0.4155069444444445 0.2346966145833333 0.5511041666666666 0.14181901041666667 0.5511041666666666
3 0.23519270833333336 0.43797453703703704 0.39355729166666664 0.43797453703703704 0.39355729166666664 0.5701643518518518 0.23519270833333336 0.5701643518518518
3 0.25133984375 0.5001689814814814 0.4271966145833333 0.5001689814814814 0.4271966145833333 0.6237662037037037 0.25133984375 0.6237662037037037
3 0.32884114583333335 0.5049490740740741 0.4615078125 0.5049490740740741 0.4615078125 0.6840601851851853 0.32884114583333335 0.6840601851851853
3 0.47736979166666665 0.48506249999999995 0.5398333333333334 0.48506249999999995 0.5398333333333334 0.5775486111111111 0.47736979166666665 0.5775486111111111
3 0.5399648437500001 0.5120046296296297 0.68926953125 0.5120046296296297 0.68926953125 0.6745694444444444 0.5399648437500001 0.6745694444444444