1 0.675 0.3435185185185185 0.5796875 0.3435185185185185 0.5796875 0.4888888888888889 0.675 0.4888888888888889
3 0.7513020833333334 0.7435185185185185 0.4875 0.7435185185185185 0.4875 0.9981481481481481 0.7513020833333334 0.9981481481481481
3 0.7622395833333333 0.587037037037037 0.6296875 0.587037037037037 0.6296875 0.7199074074074074 0.7622395833333333 0.7199074074074074
2 0.8625 0.3560185185185185 0.7888020833333333 0.3560185185185185 0.7888020833333333 0.5435185185185185 0.8625 0.5435185185185185
2 0.8973372395833333 0.40284259259259264 0.9905690104166668 0.40284259259259264 0.9905690104166668 0.6156388888888888 0.8973372395833333 0.6156388888888888
3 0.2842252604166667 0.4851666666666667 0.4188268229166666 0.4851666666666667 0.4188268229166666 0.587824074074074 0.2842252604166667 0.587824074074074
3 0.2809322916666667 0.5308981481481481 0.46616145833333333 0.5308981481481481 0.46616145833333333 0.6580925925925926 0.2809322916666667 0.6580925925925926
3 0.32950520833333335 0.567488425925926 0.5742135416666667 0.567488425925926 0.5742135416666667 0.7415393518518518 0.32950520833333335 0.7415393518518518
3 0.39536328125000003 0.6424976851851852 0.6122877604166667 0.6424976851851852 0.6122877604166667 0.8410949074074073 0.39536328125000003 0.8410949074074073
3 0.43588671875 0.45752777777777776 0.5013736979166666 0.45752777777777776 0.5013736979166666 0.5256203703703703 0.43588671875 0.5256203703703703
3 0.47273177083333334 0.49213194444444447 0.5603255208333333 0.49213194444444447 0.5603255208333333 0.5592476851851852 0.47273177083333334 0.5592476851851852
3 0.5575442708333332 0.5329212962962963 0.6387421875 0.5329212962962963 0.6387421875 0.6472731481481481 0.5575442708333332 0.6472731481481481