3 0.5244791666666667 0.4412313432835821 0.3546875 0.4412313432835821 0.3546875 0.5914179104477612 0.5244791666666667 0.5914179104477612
1 0.7921875 0.2826492537313433 0.5151041666666667 0.2826492537313433 0.5151041666666667 0.6707089552238806 0.7921875 0.6707089552238806
1 0.9109375 0.19682835820895522 0.8369791666666667 0.19682835820895522 0.8369791666666667 0.5988805970149254 0.9109375 0.5988805970149254
1 0.1633333333333333 0.4276119402985075 0.6770833333333334 0.4276119402985075 0.6770833333333334 1 0.1633333333333333 1
1 0.3616666666666667 0.17575093283582088 0.5291666666666667 0.17575093283582088 0.5291666666666667 0.3617117537313433 0.3616666666666667 0.3617117537313433
3 0.29583333333333334 0.33245802238805966 0.4947916666666667 0.33245802238805966 0.4947916666666667 0.5274300373134329 0.29583333333333334 0.5274300373134329
3 0.215625 0.5824626865671643 0.3858333333333333 0.5824626865671643 0.3858333333333333 0.7289925373134328 0.215625 0.7289925373134328
3 0.08166666666666665 0.5973927238805969 0.20625 0.5973927238805969 0.20625 0.776767723880597 0.08166666666666665 0.776767723880597
3 0.08333333333333333 0.6757462686567165 0.37 0.6757462686567165 0.37 1 0.08333333333333333 1
3 0 0.8660447761194031 0.06875 0.8660447761194031 0.06875 1 0 1
3 0 0.8007462686567164 0.027083333333333334 0.8007462686567164 0.027083333333333334 0.8738059701492537 0 0.8738059701492537
3 0.5733333333333335 0.3473880597014925 0.5916666666666667 0.3473880597014925 0.5916666666666667 0.3676865671641791 0.5733333333333335 0.3676865671641791