1 0.2078125 0.4140625 0.2078125 0.6734375 0.4734375 0.6734375 0.4734375 0.4140625
2 0.55216796875 0.3361990740740741 0.6233736979166667 0.3361990740740741 0.6233736979166667 0.4685509259259259 0.55216796875 0.4685509259259259
1 0.2770182291666667 0.3313125 0.44228385416666666 0.3313125 0.44228385416666666 0.42946527777777777 0.2770182291666667 0.42946527777777777
2 0.6268906249999999 0.3350277777777778 0.7675416666666667 0.3350277777777778 0.7675416666666667 0.4974722222222222 0.6268906249999999 0.4974722222222222
1 0.16537630208333334 0.4289907407407407 0.22680078125 0.4289907407407407 0.22680078125 0.6592685185185185 0.16537630208333334 0.6592685185185185
3 0.3595416666666667 0.6194513888888888 0.6719427083333334 0.6194513888888888 0.6719427083333334 0.9460671296296297 0.3595416666666667 0.9460671296296297
3 0.300203125 0.5667106481481481 0.5653541666666667 0.5667106481481481 0.5653541666666667 0.7827060185185185 0.300203125 0.7827060185185185
3 0.643328125 0.5803680555555555 0.7523333333333333 0.5803680555555555 0.7523333333333333 0.7192800925925926 0.643328125 0.7192800925925926
3 0.49220182291666664 0.5107106481481481 0.5600690104166667 0.5107106481481481 0.5600690104166667 0.5913726851851852 0.49220182291666664 0.5913726851851852
3 0.4596692708333333 0.4671805555555555 0.6009296875 0.4671805555555555 0.6009296875 0.5062731481481482 0.4596692708333333 0.5062731481481482
3 0.5586692708333333 0.521287037037037 0.6350703125 0.521287037037037 0.6350703125 0.6321851851851852 0.5586692708333333 0.6321851851851852