3 0.246875 0.4734375 0.246875 0.6078125 0.440625 0.6078125 0.440625 0.4734375
3 0.2765625 0.5 0.2765625 0.7109375 0.4796875 0.7109375 0.4796875 0.5
2 0.86542578125 0.38089351851851855 0.9506888020833333 0.38089351851851855 0.9506888020833333 0.6367638888888888 0.86542578125 0.6367638888888888
2 0.7574778645833333 0.3467384259259259 0.8687200520833334 0.3467384259259259 0.8687200520833334 0.5664837962962963 0.7574778645833333 0.5664837962962963
1 0.4208736979166667 0.32213888888888886 0.53866796875 0.32213888888888886 0.53866796875 0.4351851851851852 0.4208736979166667 0.4351851851851852
2 0.5605494791666666 0.30785879629629626 0.6370598958333333 0.30785879629629626 0.6370598958333333 0.3666041666666667 0.5605494791666666 0.3666041666666667
1 0.6161705729166668 0.3254375 0.67858984375 0.3254375 0.67858984375 0.4193587962962963 0.6161705729166668 0.4193587962962963
1 0.51048828125 0.3605949074074074 0.6672200520833333 0.3605949074074074 0.6672200520833333 0.502886574074074 0.51048828125 0.502886574074074
3 0.33496875 0.6319768518518519 0.6612864583333333 0.6319768518518519 0.6612864583333333 0.902912037037037 0.33496875 0.902912037037037
3 0.6631393229166667 0.5909050925925926 0.7562148437499999 0.5909050925925926 0.7562148437499999 0.7631134259259258 0.6631393229166667 0.7631134259259258
3 0.5160494791666667 0.5370694444444445 0.6019557291666667 0.5370694444444445 0.6019557291666667 0.6329861111111111 0.5160494791666667 0.6329861111111111
3 0.45857291666666666 0.4843310185185185 0.5268020833333333 0.4843310185185185 0.5268020833333333 0.5969375 0.45857291666666666 0.5969375