1 0.8125 0.2789179104477612 0.4088541666666667 0.2789179104477612 0.4088541666666667 0.691231343283582 0.8125 0.691231343283582
1 0.9651041666666667 0.22014925373134328 0.85 0.22014925373134328 0.85 0.6343283582089553 0.9651041666666667 0.6343283582089553
3 0.5171875 0.4430970149253731 0.353125 0.4430970149253731 0.353125 0.582089552238806 0.5171875 0.582089552238806
3 0.6072916666666667 0.31902985074626866 0.5359375 0.31902985074626866 0.5359375 0.41044776119402987 0.6072916666666667 0.41044776119402987
1 0.37166666666666665 0.18507462686567167 0.5322916666666667 0.18507462686567167 0.5322916666666667 0.3273694029850746 0.37166666666666665 0.3273694029850746
3 0.2924999999999999 0.3865718283582089 0.44166666666666665 0.3865718283582089 0.44166666666666665 0.5304244402985074 0.2924999999999999 0.5304244402985074
3 0.2833333333333333 0.5451539179104478 0.5016666666666667 0.5451539179104478 0.5016666666666667 0.9604057835820896 0.2833333333333333 0.9604057835820896
1 0.3275 0.33619402985074626 0.7635416666666667 0.33619402985074626 0.7635416666666667 0.9917537313432835 0.3275 0.9917537313432835
3 0.09583333333333334 0.6776119402985076 0.39166666666666666 0.6776119402985076 0.39166666666666666 1 0.09583333333333334 1
3 0.08416666666666668 0.5973833955223881 0.2 0.5973833955223881 0.2 0.7558628731343284 0.08416666666666668 0.7558628731343284
3 0 0.8809701492537314 0.04791666666666667 0.8809701492537314 0.04791666666666667 1 0 1
3 0 0.8306016791044776 0.04958333333333333 0.8306016791044776 0.04958333333333333 0.8947154850746268 0 0.8947154850746268