3 0.4046875 0.6578125 0.4046875 0.85625 0.6375 0.85625 0.6375 0.6578125
2 0.6536458333333334 0.3361087962962963 0.7520833333333333 0.3361087962962963 0.7520833333333333 0.5099560185185186 0.6536458333333334 0.5099560185185186
0 0.017708333333333333 0.45185185185185184 0.15755208333333334 0.45185185185185184 0.15755208333333334 0.7100185185185185 0.017708333333333333 0.7100185185185185
1 0.16979166666666667 0.4055578703703704 0.4192708333333333 0.4055578703703704 0.4192708333333333 0.6340717592592593 0.16979166666666667 0.6340717592592593
3 0.2519296875 0.5085486111111112 0.49699739583333336 0.5085486111111112 0.49699739583333336 0.7098587962962963 0.2519296875 0.7098587962962963
3 0.34833723958333335 0.45069212962962957 0.42574609375 0.45069212962962957 0.42574609375 0.5246504629629629 0.34833723958333335 0.5246504629629629
3 0.30752343749999994 0.5664097222222223 0.5700078125 0.5664097222222223 0.5700078125 0.766173611111111 0.30752343749999994 0.766173611111111
3 0.7028333333333333 0.6367800925925927 0.9035677083333333 0.6367800925925927 0.9035677083333333 0.8124791666666666 0.7028333333333333 0.8124791666666666
3 0.62278515625 0.6055069444444444 0.7079335937500001 0.6055069444444444 0.7079335937500001 0.7361412037037037 0.62278515625 0.7361412037037037
3 0.5348229166666666 0.5257499999999999 0.673453125 0.5257499999999999 0.673453125 0.6310185185185185 0.5348229166666666 0.6310185185185185
3 0.44509895833333335 0.46789120370370363 0.486265625 0.46789120370370363 0.486265625 0.5296550925925925 0.44509895833333335 0.5296550925925925
3 0.49259895833333334 0.47883564814814816 0.5369322916666667 0.47883564814814816 0.5369322916666667 0.5784606481481482 0.49259895833333334 0.5784606481481482