1 0.1453125 0.3984375 0.1453125 0.590625 0.359375 0.590625 0.359375 0.3984375
1 0.196875 0.3515625 0.196875 0.4109375 0.3859375 0.4109375 0.3859375 0.3515625
3 0.6125 0.5828125 0.6125 0.7453125 0.76875 0.7453125 0.76875 0.5828125
1 0.6859375 0.396875 0.6859375 0.546875 0.871875 0.546875 0.871875 0.396875
3 0.5296875 0.5453125 0.5296875 0.634375 0.6609375 0.634375 0.6609375 0.5453125
0 0.02667708333333334 0.4404444444444445 0.140625 0.4404444444444445 0.140625 0.6997777777777777 0.02667708333333334 0.6997777777777777
2 0.79062109375 0.361287037037037 0.8965559895833334 0.361287037037037 0.8965559895833334 0.42137037037037034 0.79062109375 0.42137037037037034
2 0.9621458333333334 0.4081851851851852 1 0.4081851851851852 1 0.6679722222222222 0.9621458333333334 0.6679722222222222
2 0.8870651041666666 0.38841203703703703 0.9764609375 0.38841203703703703 0.9764609375 0.4612731481481481 0.8870651041666666 0.4612731481481481
1 0.8224127604166667 0.4316666666666666 0.95725390625 0.4316666666666666 0.95725390625 0.7758148148148148 0.8224127604166667 0.7758148148148148
3 0.43886328125 0.451974537037037 0.51238671875 0.451974537037037 0.51238671875 0.5596828703703703 0.43886328125 0.5596828703703703
3 0.5166171875 0.508875 0.6696901041666667 0.508875 0.6696901041666667 0.5571805555555556 0.5166171875 0.5571805555555556