1 0.4390625 0.353125 0.4390625 0.4609375 0.6296875 0.4609375 0.6296875 0.353125
3 0.3046875 0.6328125 0.3046875 0.815625 0.6640625 0.815625 0.6640625 0.6328125
3 0.5390625 0.5515625 0.5390625 0.6453125 0.66875 0.6453125 0.66875 0.5515625
3 0.2921875 0.5546875 0.2921875 0.709375 0.4875 0.709375 0.4875 0.5546875
1 0.2 0.4265625 0.2 0.5765625 0.4171875 0.5765625 0.4171875 0.4265625
2 0.8703125 0.378125 0.8703125 0.59375 0.990625 0.59375 0.990625 0.378125
3 0.4578125 0.4828125 0.4578125 0.584375 0.55625 0.584375 0.55625 0.4828125
1 0.5899778645833333 0.33121296296296293 0.7350065104166666 0.33121296296296293 0.7350065104166666 0.5043333333333333 0.5899778645833333 0.5043333333333333
1 0.3231015625 0.3191851851851852 0.4465859375 0.3191851851851852 0.4465859375 0.42998148148148146 0.3231015625 0.42998148148148146
1 0.40796223958333333 0.3282060185185185 0.53116796875 0.3282060185185185 0.53116796875 0.42560879629629633 0.40796223958333333 0.42560879629629633
3 0.64196875 0.5733032407407408 0.7529322916666668 0.5733032407407408 0.7529322916666668 0.7470671296296296 0.64196875 0.7470671296296296
3 0.4477786458333333 0.46324305555555556 0.4873515625 0.46324305555555556 0.4873515625 0.5290810185185185 0.4477786458333333 0.5290810185185185