2 0.8796875 0.3890625 0.8796875 0.565625 0.9828125 0.565625 0.9828125 0.3890625
2 0.7875 0.359375 0.7875 0.5359375 0.8796875 0.5359375 0.8796875 0.359375
1 0.2078125 0.35 0.2078125 0.4109375 0.2109375 0.4109375 0.2125 0.409375 0.215625 0.409375 0.2171875 0.4109375 0.2328125 0.4109375 0.234375 0.4125 0.378125 0.4125 0.378125 0.35
1 0.540625 0.325 0.540625 0.4625 0.6765625 0.4625 0.6765625 0.325
3 0.5265625 0.5515625 0.5265625 0.671875 0.6609375 0.671875 0.6609375 0.5515625
2 0.946875 0.403125 0.946875 0.6203125 0.9984375 0.6203125 0.9984375 0.403125
1 0.14473567708333335 0.40797453703703707 0.3299934895833333 0.40797453703703707 0.3299934895833333 0.6116458333333333 0.14473567708333335 0.6116458333333333
1 0.12717708333333333 0.41932638888888896 0.157453125 0.41932638888888896 0.157453125 0.5882569444444444 0.12717708333333333 0.5882569444444444
3 0.6422044270833334 0.5861851851851851 0.7501861979166666 0.5861851851851851 0.7501861979166666 0.7471666666666668 0.6422044270833334 0.7471666666666668
3 0.75660546875 0.6196944444444444 0.9184205729166667 0.6196944444444444 0.9184205729166667 0.8143888888888888 0.75660546875 0.8143888888888888
3 0.43167838541666664 0.4618587962962963 0.5158841145833333 0.4618587962962963 0.5158841145833333 0.5591412037037038 0.43167838541666664 0.5591412037037038
3 0.5173385416666666 0.4946388888888889 0.6545885416666667 0.4946388888888889 0.6545885416666667 0.5701666666666666 0.5173385416666666 0.5701666666666666