3 0.309375 0.628125 0.309375 0.81875 0.66875 0.81875 0.66875 0.628125
3 0.290625 0.55625 0.290625 0.709375 0.4796875 0.709375 0.4796875 0.55625
2 0.8640625 0.378125 0.8640625 0.5953125 0.959375 0.5953125 0.959375 0.378125
3 0.5421875 0.54375 0.5421875 0.6421875 0.6671875 0.6421875 0.6671875 0.54375
1 0.1921875 0.4265625 0.1921875 0.5703125 0.40625 0.5703125 0.40625 0.4265625
1 0.3345013020833333 0.32555092592592594 0.40889453124999997 0.32555092592592594 0.40889453124999997 0.432412037037037 0.3345013020833333 0.432412037037037
1 0.4105494791666666 0.3242731481481481 0.5024036458333333 0.3242731481481481 0.5024036458333333 0.42968055555555557 0.4105494791666666 0.42968055555555557
1 0.46361197916666674 0.32239351851851844 0.6037421875000001 0.32239351851851844 0.6037421875000001 0.46041203703703704 0.46361197916666674 0.46041203703703704
1 0.6054205729166667 0.3421180555555556 0.6982252604166667 0.3421180555555556 0.6982252604166667 0.5027523148148149 0.6054205729166667 0.5027523148148149
3 0.64294140625 0.586488425925926 0.7493033854166667 0.586488425925926 0.7493033854166667 0.7216319444444445 0.64294140625 0.7216319444444445
3 0.43343359375 0.45704398148148145 0.4846236979166667 0.45704398148148145 0.4846236979166667 0.5351597222222222 0.43343359375 0.5351597222222222
3 0.46571874999999996 0.49856481481481474 0.5610312499999999 0.49856481481481474 0.5610312499999999 0.5804444444444444 0.46571874999999996 0.5804444444444444