2 0.7963981770833333 0.3639907407407407 0.7963981770833333 0.5405532407407407 0.9042106770833332 0.5405532407407407 0.9042106770833332 0.3639907407407407
1 0.55625 0.3265625 0.55625 0.459375 0.6234375 0.459375 0.6234375 0.3265625
1 0.390625 0.328125 0.390625 0.41875 0.5859375 0.41875 0.5859375 0.328125
2 0.6526666666666666 0.33445370370370375 0.732671875 0.33445370370370375 0.732671875 0.49687037037037035 0.6526666666666666 0.49687037037037035
2 0.7406419270833333 0.34514814814814815 0.79342578125 0.34514814814814815 0.79342578125 0.5150555555555556 0.7406419270833333 0.5150555555555556
3 0.2514427083333334 0.4828310185185185 0.4421302083333334 0.4828310185185185 0.4421302083333334 0.6198912037037038 0.2514427083333334 0.6198912037037038
3 0.30137109375000004 0.5095694444444445 0.46017578125 0.5095694444444445 0.46017578125 0.6990509259259259 0.30137109375000004 0.6990509259259259
3 0.34167317708333333 0.6312106481481482 0.6579309895833333 0.6312106481481482 0.6579309895833333 0.9534004629629631 0.34167317708333333 0.9534004629629631
3 0.6707135416666666 0.5863796296296296 0.7657552083333333 0.5863796296296296 0.7657552083333333 0.7629907407407407 0.6707135416666666 0.7629907407407407
3 0.5173203125000001 0.5422662037037037 0.6448463541666667 0.5422662037037037 0.6448463541666667 0.6442523148148148 0.5173203125000001 0.6442523148148148
3 0.4631848958333333 0.49547916666666664 0.5618359374999999 0.49547916666666664 0.5618359374999999 0.5886226851851851 0.4631848958333333 0.5886226851851851
3 0.43611458333333336 0.4540393518518519 0.4679947916666667 0.4540393518518519 0.4679947916666667 0.5287199074074075 0.43611458333333336 0.5287199074074075