3 0.2769375 0.5258657407407407 0.4912916666666666 0.5258657407407407 0.4912916666666666 0.6664768518518519 0.2769375 0.6664768518518519
3 0.2986484375 0.5599375 0.5776171875 0.5599375 0.5776171875 0.769275462962963 0.2986484375 0.769275462962963
3 0.33568749999999997 0.6009513888888888 0.6234166666666667 0.6009513888888888 0.6234166666666667 0.9123541666666667 0.33568749999999997 0.9123541666666667
3 0.44117578125 0.4431527777777778 0.4588971354166667 0.4431527777777778 0.4588971354166667 0.525125 0.44117578125 0.525125
3 0.6252278645833333 0.5782361111111111 0.7626315104166667 0.5782361111111111 0.7626315104166667 0.7424675925925927 0.6252278645833333 0.7424675925925927
3 0.45511979166666666 0.46416666666666667 0.57671875 0.46416666666666667 0.57671875 0.5621944444444446 0.45511979166666666 0.5621944444444446
0 0.005447916666666671 0.4474930555555555 0.203953125 0.4474930555555555 0.203953125 0.717386574074074 0.005447916666666671 0.717386574074074
1 0.39326953125 0.31212268518518516 0.55458984375 0.31212268518518516 0.55458984375 0.44253472222222223 0.39326953125 0.44253472222222223
2 0.9051302083333332 0.3956481481481481 1 0.3956481481481481 1 0.6404907407407407 0.9051302083333332 0.6404907407407407
2 0.8257408854166666 0.38451157407407405 0.91059765625 0.38451157407407405 0.91059765625 0.6030162037037037 0.8257408854166666 0.6030162037037037
1 0.11706901041666667 0.43502777777777774 0.16852473958333333 0.43502777777777774 0.16852473958333333 0.4608425925925926 0.11706901041666667 0.4608425925925926
2 0.8043333333333333 0.37133333333333335 0.8264583333333333 0.37133333333333335 0.8264583333333333 0.5265648148148149 0.8043333333333333 0.5265648148148149