1 0.2453125 0.334375 0.2453125 0.44375 0.4046875 0.44375 0.4046875 0.334375
2 0.86875 0.3921027777777778 0.86875 0.5889777777777778 1 0.5889777777777778 1 0.3921027777777778
1 0.4617578125 0.35463425925925923 0.6365234375 0.35463425925925923 0.6365234375 0.5138842592592593 0.4617578125 0.5138842592592593
1 0.54795703125 0.3252083333333334 0.66937109375 0.3252083333333334 0.66937109375 0.384412037037037 0.54795703125 0.384412037037037
1 0.14275651041666668 0.43613888888888885 0.23429557291666667 0.43613888888888885 0.23429557291666667 0.5917222222222221 0.14275651041666668 0.5917222222222221
1 0.12266406249999999 0.5733726851851852 0.3096380208333333 0.5733726851851852 0.3096380208333333 0.9999976851851852 0.12266406249999999 0.9999976851851852
3 0.29656901041666667 0.5176921296296296 0.4726809895833333 0.5176921296296296 0.4726809895833333 0.7033912037037037 0.29656901041666667 0.7033912037037037
3 0.25735937499999995 0.4763310185185185 0.44413020833333333 0.4763310185185185 0.44413020833333333 0.6323078703703703 0.25735937499999995 0.6323078703703703
3 0.4561731770833333 0.4966203703703704 0.5485716145833333 0.4966203703703704 0.5485716145833333 0.5889166666666668 0.4561731770833333 0.5889166666666668
3 0.5312096354166668 0.5283194444444445 0.7030507812500001 0.5283194444444445 0.7030507812500001 0.6513472222222222 0.5312096354166668 0.6513472222222222
3 0.33521223958333335 0.6326643518518519 0.6664283854166667 0.6326643518518519 0.6664283854166667 0.9289097222222222 0.33521223958333335 0.9289097222222222