3 0.275 0.559375 0.275 0.746875 0.59375 0.746875 0.59375 0.559375
3 0.3953125 0.6453125 0.3953125 0.8484375 0.6375 0.8484375 0.6375 0.6453125
1 0.1640625 0.403125 0.1640625 0.5640625 0.403125 0.5640625 0.403125 0.403125
2 0.62928125 0.3326111111111111 0.7409270833333335 0.3326111111111111 0.7409270833333335 0.49334259259259255 0.62928125 0.49334259259259255
0 0.01350651041666667 0.45263194444444443 0.15420182291666668 0.45263194444444443 0.15420182291666668 0.7182384259259259 0.01350651041666667 0.7182384259259259
3 0.25663151041666665 0.490650462962963 0.46823828125 0.490650462962963 0.46823828125 0.7118310185185186 0.25663151041666665 0.7118310185185186
3 0.27373958333333337 0.442625 0.42884375 0.442625 0.42884375 0.551699074074074 0.27373958333333337 0.551699074074074
3 0.4511197916666667 0.45259722222222226 0.51809375 0.45259722222222226 0.51809375 0.5361805555555555 0.4511197916666667 0.5361805555555555
3 0.4818268229166666 0.47469675925925925 0.6093398437499999 0.47469675925925925 0.6093398437499999 0.581951388888889 0.4818268229166666 0.581951388888889
3 0.53081640625 0.5266875 0.66432421875 0.5266875 0.66432421875 0.6349976851851851 0.53081640625 0.6349976851851851
3 0.6134335937500001 0.6124745370370371 0.7216445312499999 0.6124745370370371 0.7216445312499999 0.7202939814814815 0.6134335937500001 0.7202939814814815
3 0.7019049479166667 0.633275462962963 0.9181783854166666 0.633275462962963 0.9181783854166666 0.8128726851851851 0.7019049479166667 0.8128726851851851