2 0.8734830729166666 0.38782407407407404 0.99754296875 0.38782407407407404 0.99754296875 0.6166203703703703 0.8734830729166666 0.6166203703703703
2 0.7028333333333333 0.34247222222222223 0.796734375 0.34247222222222223 0.796734375 0.5381574074074075 0.7028333333333333 0.5381574074074075
1 0.12826953125 0.34247453703703706 0.32986588541666667 0.34247453703703706 0.32986588541666667 0.571136574074074 0.12826953125 0.571136574074074
3 0.2459401041666667 0.44725 0.43306510416666666 0.44725 0.43306510416666666 0.5881944444444445 0.2459401041666667 0.5881944444444445
3 0.24466145833333333 0.5223101851851852 0.500796875 0.5223101851851852 0.500796875 0.672337962962963 0.24466145833333333 0.672337962962963
3 0.28559114583333334 0.5848657407407407 0.4999192708333334 0.5848657407407407 0.4999192708333334 0.8065231481481482 0.28559114583333334 0.8065231481481482
3 0.3527408854166667 0.6036296296296297 0.6248268229166667 0.6036296296296297 0.6248268229166667 0.9225092592592592 0.3527408854166667 0.9225092592592592
3 0.6925572916666667 0.6349074074074074 0.9129583333333334 0.6349074074074074 0.9129583333333334 0.8144814814814815 0.6925572916666667 0.8144814814814815
3 0.6209947916666666 0.5979537037037037 0.6986770833333333 0.5979537037037037 0.6986770833333333 0.7271481481481481 0.6209947916666666 0.7271481481481481
3 0.4454895833333333 0.4713287037037038 0.49735416666666665 0.4713287037037038 0.49735416666666665 0.5202268518518519 0.4454895833333333 0.5202268518518519
3 0.47680208333333335 0.5017569444444445 0.5589739583333333 0.5017569444444445 0.5589739583333333 0.5947060185185186 0.47680208333333335 0.5947060185185186
3 0.5707695312500001 0.5396828703703704 0.7277408854166666 0.5396828703703704 0.7277408854166666 0.621363425925926 0.5707695312500001 0.621363425925926