0 0.0009531250000000065 0.4775023148148149 0.178796875 0.4775023148148149 0.178796875 0.7395625 0.0009531250000000065 0.7395625
3 0.2699388020833334 0.5108981481481482 0.43247786458333337 0.5108981481481482 0.43247786458333337 0.6715277777777777 0.2699388020833334 0.6715277777777777
3 0.2986484375 0.55675 0.5776171875 0.55675 0.5776171875 0.7705185185185186 0.2986484375 0.7705185185185186
3 0.33568749999999997 0.6021064814814815 0.6331770833333333 0.6021064814814815 0.6331770833333333 0.9136064814814815 0.33568749999999997 0.9136064814814815
3 0.6276979166666667 0.5753842592592593 0.7341718749999999 0.5753842592592593 0.7341718749999999 0.7402916666666667 0.6276979166666667 0.7402916666666667
3 0.4890729166666666 0.4747453703703704 0.5949062499999999 0.4747453703703704 0.5949062499999999 0.581087962962963 0.4890729166666666 0.581087962962963
3 0.45453906250000004 0.46738425925925925 0.4969921875 0.46738425925925925 0.4969921875 0.5626898148148148 0.45453906250000004 0.5626898148148148
3 0.4411510416666667 0.4401527777777777 0.46161458333333333 0.4401527777777777 0.46161458333333333 0.5233564814814814 0.4411510416666667 0.5233564814814814
3 0.7174895833333333 0.6101921296296297 0.9172239583333334 0.6101921296296297 0.9172239583333334 0.8286226851851852 0.7174895833333333 0.8286226851851852
1 0.5640156249999999 0.3956111111111111 0.76375 0.3956111111111111 0.76375 0.5478981481481482 0.5640156249999999 0.5478981481481482
1 0.30488411458333337 0.3193263888888888 0.45917317708333333 0.3193263888888888 0.45917317708333333 0.4567662037037037 0.30488411458333337 0.4567662037037037
2 0.8203932291666667 0.37089351851851854 0.9730234375000001 0.37089351851851854 0.9730234375000001 0.5727268518518518 0.8203932291666667 0.5727268518518518