3 0.26994140624999996 0.5265648148148149 0.49508463541666664 0.5265648148148149 0.49508463541666664 0.6576851851851852 0.26994140624999996 0.6576851851851852
3 0.2986484375 0.55675 0.5776171875 0.55675 0.5776171875 0.7705185185185186 0.2986484375 0.7705185185185186
3 0.33568880208333335 0.6021967592592592 0.6150091145833333 0.6021967592592592 0.6150091145833333 0.913599537037037 0.33568880208333335 0.913599537037037
3 0.626109375 0.5753842592592593 0.759921875 0.5753842592592593 0.759921875 0.7511527777777778 0.626109375 0.7511527777777778
3 0.4399479166666667 0.44086574074074075 0.46168750000000003 0.44086574074074075 0.46168750000000003 0.5228379629629629 0.4399479166666667 0.5228379629629629
2 0.8694114583333333 0.3740277777777778 0.9146093750000001 0.3740277777777778 0.9146093750000001 0.6187592592592592 0.8694114583333333 0.6187592592592592
3 0.4714075520833333 0.4626273148148148 0.51311328125 0.4626273148148148 0.51311328125 0.5640393518518518 0.4714075520833333 0.5640393518518518
0 0.03542838541666666 0.45644675925925926 0.18971223958333333 0.45644675925925926 0.18971223958333333 0.7222847222222222 0.03542838541666666 0.7222847222222222
1 0.51122265625 0.36881018518518516 0.6990585937499999 0.36881018518518516 0.6990585937499999 0.5821527777777779 0.51122265625 0.5821527777777779
2 0.8040559895833332 0.3720763888888889 0.8726783854166666 0.3720763888888889 0.8726783854166666 0.5746736111111111 0.8040559895833332 0.5746736111111111
2 0.9063528645833333 0.39161805555555557 1.0000013020833332 0.39161805555555557 1.0000013020833332 0.6468078703703704 0.9063528645833333 0.6468078703703704
1 0.11595052083333332 0.4340925925925926 0.16630468749999996 0.4340925925925926 0.16630468749999996 0.458074074074074 0.11595052083333332 0.458074074074074