2 0.6494791666666667 0.3362273148148148 0.6494791666666667 0.4752898148148148 0.7651041666666667 0.4752898148148148 0.7651041666666667 0.3362273148148148
1 0.20625 0.4101828703703703 0.4661458333333333 0.4101828703703703 0.4661458333333333 0.7155763888888889 0.20625 0.7155763888888889
1 0.29055989583333336 0.3223263888888889 0.45961197916666663 0.3223263888888889 0.45961197916666663 0.4065532407407408 0.29055989583333336 0.4065532407407408
1 0.144328125 0.35613425925925923 0.273125 0.35613425925925923 0.273125 0.47193981481481484 0.144328125 0.47193981481481484
1 0.18447786458333332 0.37867824074074075 0.32965234375 0.37867824074074075 0.32965234375 0.49824768518518525 0.18447786458333332 0.49824768518518525
3 0.322609375 0.6315324074074075 0.6629739583333333 0.6315324074074075 0.6629739583333333 0.9334398148148149 0.322609375 0.9334398148148149
3 0.2880611979166667 0.5573472222222222 0.5742044270833333 0.5573472222222222 0.5742044270833333 0.8151157407407408 0.2880611979166667 0.8151157407407408
3 0.6399192708333333 0.5784328703703704 0.7690859375 0.5784328703703704 0.7690859375 0.7344745370370371 0.6399192708333333 0.7344745370370371
3 0.57262109375 0.5232106481481481 0.6235611979166666 0.5232106481481481 0.6235611979166666 0.6389745370370371 0.57262109375 0.6389745370370371
3 0.48849348958333333 0.5000740740740741 0.5915846354166666 0.5000740740740741 0.5915846354166666 0.5840925925925926 0.48849348958333333 0.5840925925925926
3 0.4499153645833333 0.46288888888888885 0.4997408854166666 0.46288888888888885 0.4997408854166666 0.5510555555555555 0.4499153645833333 0.5510555555555555