1 0.7635416666666667 0.2947761194029851 0.5234375 0.2947761194029851 0.5234375 0.6763059701492538 0.7635416666666667 0.6763059701492538
1 0.9932291666666667 0.20335820895522388 0.853125 0.20335820895522388 0.853125 0.628731343283582 0.9932291666666667 0.628731343283582
3 0.5010416666666667 0.34048507462686567 0.296875 0.34048507462686567 0.296875 0.49347014925373134 0.4958067708333333 0.49347014925373134 0.4953125 0.48973880597014924 0.5010416666666667 0.49347014925373134 0.5010416666666667 0.47947761194029853 0.4984375 0.4766791044776119 0.5010416666666667 0.47388059701492535
1 0.6546875 0.45988805970149255 0.034375 0.45988805970149255 0.034375 0.996268656716418 0.6546875 0.996268656716418
1 0.36666666666666664 0.1701539179104478 0.5302083333333333 0.1701539179104478 0.5302083333333333 0.35872667910447764 0.36666666666666664 0.35872667910447764
3 0.37083333333333335 0.44627332089552235 0.5233333333333333 0.44627332089552235 0.5233333333333333 0.5901445895522388 0.37083333333333335 0.5901445895522388
3 0.30416666666666664 0.5917910447761194 0.4241666666666667 0.5917910447761194 0.4241666666666667 0.7260074626865671 0.30416666666666664 0.7260074626865671
3 0.5354166666666667 0.3044776119402985 0.5950000000000001 0.3044776119402985 0.5950000000000001 0.3915671641791045 0.5354166666666667 0.3915671641791045
3 0.085 0.5955223880597015 0.20208333333333334 0.5955223880597015 0.20208333333333334 0.7842350746268656 0.085 0.7842350746268656
3 0.14166666666666666 0.9611893656716418 0.23333333333333334 0.9611893656716418 0.23333333333333334 0.9962360074626867 0.14166666666666666 0.9962360074626867
3 0.004166666666666667 0.8716417910447762 0.07083333333333333 0.8716417910447762 0.07083333333333333 1 0.004166666666666667 1
3 0 0.7895522388059701 0.026041666666666668 0.7895522388059701 0.026041666666666668 0.8648507462686568 0 0.8648507462686568