1 0.7822916666666667 0.20242537313432835 0.5588541666666667 0.20242537313432835 0.5588541666666667 0.31902985074626866 0.7822916666666667 0.31902985074626866
3 0.434375 0.3843283582089552 0.3 0.3843283582089552 0.3 0.4906716417910448 0.434375 0.4906716417910448
1 0.7859375 0.2966417910447761 0.5213541666666667 0.2966417910447761 0.5213541666666667 0.6940298507462687 0.7859375 0.6930970149253731
1 0.984375 0.22574626865671643 0.8010416666666667 0.22574626865671643 0.8010416666666667 0.6576492537313433 0.984375 0.6576492537313433
1 0.5244791666666667 0.16417910447761194 0.353125 0.16417910447761194 0.353125 0.34048507462686567 0.5244791666666667 0.34048507462686567
3 0.35104166666666664 0.43507929104477616 0.5208333333333334 0.43507929104477616 0.5208333333333334 0.5916371268656716 0.35104166666666664 0.5916371268656716
1 0.22999999999999998 0.38470149253731345 0.703125 0.38470149253731345 0.703125 1 0.22999999999999998 1
3 0.07833333333333332 0.6029897388059702 0.20416666666666666 0.6029897388059702 0.20416666666666666 0.7693050373134328 0.07833333333333332 0.7693050373134328
3 0.09583333333333334 0.6720149253731345 0.38333333333333336 0.6720149253731345 0.38333333333333336 1 0.09583333333333334 1
3 0.23333333333333334 0.5638106343283582 0.49416666666666664 0.5638106343283582 0.49416666666666664 0.9633908582089553 0.23333333333333334 0.9633908582089553
3 0 0.8716417910447762 0.06770833333333333 0.8716417910447762 0.06770833333333333 1 0 1
3 0 0.8100699626865672 0.027083333333333334 0.8100699626865672 0.027083333333333334 0.8753031716417911 0 0.8753031716417911