3 0.9028645833333333 0.6277777777777778 0.7109375 0.6277777777777778 0.7109375 0.8217592592592593 0.9028645833333333 0.8217592592592593
3 0.721875 0.7574074074074074 0.4859375 0.7574074074074074 0.4859375 0.9981481481481481 0.721875 0.9981481481481481
3 0.44036458333333334 0.47314814814814815 0.25755208333333335 0.47314814814814815 0.25755208333333335 0.6152777777777778 0.44036458333333334 0.6152777777777778
2 0.7904348958333334 0.3574236111111111 0.8616223958333332 0.3574236111111111 0.8616223958333332 0.545400462962963 0.7904348958333334 0.545400462962963
2 0.5950859375 0.3215810185185185 0.7092369791666667 0.3215810185185185 0.7092369791666667 0.3851782407407407 0.5950859375 0.3851782407407407
1 0.6664114583333334 0.35989583333333336 0.7577604166666666 0.35989583333333336 0.7577604166666666 0.48704861111111114 0.6664114583333334 0.48704861111111114
1 0.5334908854166667 0.3969699074074074 0.7369049479166666 0.3969699074074074 0.7369049479166666 0.5345208333333333 0.5334908854166667 0.5345208333333333
3 0.34884765625 0.526738425925926 0.46508463541666667 0.526738425925926 0.46508463541666667 0.6403449074074073 0.34884765625 0.6403449074074073
3 0.3955651041666667 0.5699976851851851 0.5561536458333334 0.5699976851851851 0.5561536458333334 0.748150462962963 0.3955651041666667 0.748150462962963
3 0.5811809895833334 0.6070763888888889 0.6970013020833333 0.6070763888888889 0.6970013020833333 0.7135347222222221 0.5811809895833334 0.7135347222222221
3 0.5505924479166667 0.5526944444444444 0.6046783854166666 0.5526944444444444 0.6046783854166666 0.6413333333333333 0.5505924479166667 0.6413333333333333
3 0.4449231770833333 0.4501134259259259 0.49678515624999997 0.4501134259259259 0.49678515624999997 0.5374884259259259 0.4449231770833333 0.5374884259259259