1 0.134375 0.3765625 0.134375 0.5234375 0.3109375 0.5234375 0.3109375 0.3765625
2 0.7057708333333333 0.33343287037037034 0.7640104166666667 0.33343287037037034 0.7640104166666667 0.5410023148148149 0.7057708333333333 0.5410023148148149
2 0.9141666666666666 0.3902430555555556 1 0.3902430555555556 1 0.6236180555555556 0.9141666666666666 0.6236180555555556
3 0.6930377604166666 0.6333865740740742 0.9194570312499999 0.6333865740740742 0.9194570312499999 0.8202060185185185 0.6930377604166666 0.8202060185185185
3 0.6199661458333333 0.604724537037037 0.6921223958333333 0.604724537037037 0.6921223958333333 0.7382013888888889 0.6199661458333333 0.7382013888888889
3 0.5349322916666668 0.5220925925925926 0.6565104166666667 0.5220925925925926 0.6565104166666667 0.6263518518518518 0.5349322916666668 0.6263518518518518
3 0.47687239583333335 0.5010462962962963 0.5266015625 0.5010462962962963 0.5266015625 0.5585833333333334 0.47687239583333335 0.5585833333333334
3 0.44699739583333337 0.46296990740740745 0.4929973958333333 0.46296990740740745 0.4929973958333333 0.5316226851851852 0.44699739583333337 0.5316226851851852
3 0.24341145833333336 0.44433564814814813 0.44247395833333336 0.44433564814814813 0.44247395833333336 0.5859976851851852 0.24341145833333336 0.5859976851851852
3 0.25625130208333335 0.5181296296296297 0.5078268229166666 0.5181296296296297 0.5078268229166666 0.6693425925925925 0.25625130208333335 0.6693425925925925
3 0.28450390625000005 0.5730833333333334 0.51754296875 0.5730833333333334 0.51754296875 0.7778055555555555 0.28450390625000005 0.7778055555555555
3 0.34293359375 0.5934976851851852 0.63323828125 0.5934976851851852 0.63323828125 0.9307986111111112 0.34293359375 0.9307986111111112