1 0.4109375 0.3203125 0.4109375 0.41875 0.5859375 0.41875 0.5859375 0.3203125
1 0.2075455729166667 0.415162037037037 0.4547669270833333 0.415162037037037 0.4547669270833333 0.7354675925925926 0.2075455729166667 0.7354675925925926
1 0.17863541666666669 0.3894537037037037 0.3354739583333333 0.3894537037037037 0.3354739583333333 0.5018055555555555 0.17863541666666669 0.5018055555555555
1 0.08139192708333333 0.40487731481481487 0.19810286458333334 0.40487731481481487 0.19810286458333334 0.6261134259259259 0.08139192708333333 0.6261134259259259
1 0.25537890625 0.33804398148148146 0.43524609375 0.33804398148148146 0.43524609375 0.42142824074074076 0.25537890625 0.42142824074074076
3 0.32480338541666665 0.6271736111111111 0.6634778645833334 0.6271736111111111 0.6634778645833334 0.9304097222222222 0.32480338541666665 0.9304097222222222
3 0.28764453124999995 0.5701574074074074 0.5752825520833333 0.5701574074074074 0.5752825520833333 0.7775277777777778 0.28764453124999995 0.7775277777777778
3 0.6648984375 0.5747986111111112 0.7562057291666666 0.5747986111111112 0.7562057291666666 0.7408680555555556 0.6648984375 0.7408680555555556
3 0.5537877604166667 0.5227407407407407 0.6490976562499999 0.5227407407407407 0.6490976562499999 0.6328055555555556 0.5537877604166667 0.6328055555555556
3 0.4769440104166666 0.5012893518518519 0.5595247395833333 0.5012893518518519 0.5595247395833333 0.6065347222222223 0.4769440104166666 0.6065347222222223
3 0.47876953125000005 0.47039120370370374 0.60430859375 0.47039120370370374 0.60430859375 0.5186736111111111 0.47876953125000005 0.5186736111111111