1 0.55625 0.334375 0.55625 0.4703125 0.6703125 0.4703125 0.6703125 0.334375
1 0.1421875 0.4015625 0.1421875 0.5828125 0.3546875 0.5828125 0.3546875 0.4015625
1 0.1953125 0.3484375 0.1953125 0.4140625 0.2109375 0.4140625 0.2125 0.4125 0.240625 0.4125 0.2421875 0.4140625 0.3984375 0.4140625 0.3984375 0.3484375
3 0.5047526041666667 0.5495981481481482 0.5047526041666667 0.6699106481481482 0.6406901041666667 0.6699106481481482 0.6406901041666667 0.5495981481481482
0 0.009375 0.45 0.009375 0.6625 0.153125 0.6625 0.153125 0.45
2 0.89922265625 0.3860092592592593 0.9559856770833334 0.3860092592592593 0.9559856770833334 0.617925925925926 0.89922265625 0.617925925925926
2 0.9485208333333333 0.40050925925925923 1 0.40050925925925923 1 0.6785 0.9485208333333333 0.6785
2 0.8142421875 0.35987499999999994 0.8932578125 0.35987499999999994 0.8932578125 0.49456944444444445 0.8142421875 0.49456944444444445
1 0.7022473958333334 0.37308101851851855 0.8483932291666666 0.37308101851851855 0.8483932291666666 0.6009375 0.7022473958333334 0.6009375
3 0.6467617187499999 0.5960185185185186 0.7561966145833333 0.5960185185185186 0.7561966145833333 0.7367962962962963 0.6467617187499999 0.7367962962962963
3 0.42326041666666664 0.4651087962962963 0.49044791666666665 0.4651087962962963 0.49044791666666665 0.5315949074074074 0.42326041666666664 0.5315949074074074
3 0.47431770833333337 0.47480787037037037 0.592171875 0.47480787037037037 0.592171875 0.5799606481481482 0.47431770833333337 0.5799606481481482