1 0.4515625 0.3375 0.4515625 0.4421875 0.590625 0.4421875 0.590625 0.3375
1 0.203125 0.35 0.203125 0.4125 0.20625 0.4125 0.2078125 0.4109375 0.2515625 0.4109375 0.253125 0.4125 0.390625 0.4125 0.390625 0.35
1 0.7765625 0.421875 0.7765625 0.7 0.9984375 0.7 0.9984375 0.421875
1 0.15 0.4 0.15 0.5828125 0.3390625 0.5828125 0.3390625 0.4
2 0.8375 0.38125 0.8375 0.4359375 0.9234375 0.4359375 0.9234375 0.38125
2 0.7734375 0.3515625 0.7734375 0.4515625 0.8421875 0.4515625 0.8421875 0.3515625
2 0.9165026041666666 0.39787962962962964 0.9881328125000001 0.39787962962962964 0.9881328125000001 0.44805555555555554 0.9165026041666666 0.44805555555555554
0 0.02917057291666666 0.443724537037037 0.1435013020833333 0.443724537037037 0.1435013020833333 0.7183680555555555 0.02917057291666666 0.7183680555555555
3 0.5165039062500001 0.5424166666666667 0.6242669270833334 0.5424166666666667 0.6242669270833334 0.6504351851851852 0.5165039062500001 0.6504351851851852
3 0.6355065104166666 0.5762083333333334 0.7631028645833333 0.5762083333333334 0.7631028645833333 0.7315601851851852 0.6355065104166666 0.7315601851851852
3 0.42807682291666665 0.4439814814814815 0.53038671875 0.4439814814814815 0.53038671875 0.5669629629629629 0.42807682291666665 0.5669629629629629
3 0.4927018229166667 0.49540277777777786 0.6751731770833334 0.49540277777777786 0.6751731770833334 0.5834212962962964 0.4927018229166667 0.5834212962962964