3 0.30625 0.6296875 0.30625 0.8125 0.6640625 0.8125 0.6640625 0.6296875
1 0.31412578124999996 0.32785694444444446 0.31412578124999996 0.42160694444444446 0.47037578124999996 0.42160694444444446 0.47037578124999996 0.32785694444444446
1 0.428125 0.3453125 0.428125 0.4609375 0.6171875 0.4609375 0.6171875 0.3453125
3 0.5328125 0.559375 0.5328125 0.64375 0.66875 0.64375 0.66875 0.559375
2 0.86875 0.38125 0.86875 0.5953125 0.9953125 0.5953125 0.9953125 0.38125
3 0.2921875 0.5703125 0.2921875 0.709375 0.4875 0.709375 0.4875 0.5703125
3 0.45 0.4796875 0.45 0.5875 0.565625 0.5875 0.565625 0.4796875
1 0.1984375 0.428125 0.1984375 0.5765625 0.4234375 0.5765625 0.4234375 0.428125
1 0.40014062499999997 0.33252777777777776 0.44909375 0.33252777777777776 0.44909375 0.43382407407407403 0.40014062499999997 0.43382407407407403
1 0.5963567708333334 0.32079398148148147 0.7099401041666666 0.32079398148148147 0.7099401041666666 0.5049374999999999 0.5963567708333334 0.5049374999999999
3 0.6402760416666667 0.5844097222222222 0.77253125 0.5844097222222222 0.77253125 0.7459513888888888 0.6402760416666667 0.7459513888888888
3 0.43638802083333333 0.45689583333333333 0.4828411458333334 0.45689583333333333 0.4828411458333334 0.5248634259259259 0.43638802083333333 0.5248634259259259