1 0.55 0.334375 0.55 0.471875 0.6765625 0.471875 0.6765625 0.334375
1 0.1453125 0.4015625 0.1453125 0.5796875 0.35 0.5796875 0.35 0.4015625
1 0.1921875 0.3453125 0.1921875 0.4125 0.34375 0.4125 0.34375 0.3453125
2 0.9552552083333334 0.4046990740740741 1 0.4046990740740741 1 0.6961527777777778 0.9552552083333334 0.6961527777777778
2 0.9024348958333334 0.3792314814814815 0.9601223958333335 0.3792314814814815 0.9601223958333335 0.6105092592592593 0.9024348958333334 0.6105092592592593
2 0.8093255208333333 0.35058564814814813 0.8917786458333333 0.35058564814814813 0.8917786458333333 0.49824768518518514 0.8093255208333333 0.49824768518518514
1 0.7189036458333333 0.38559953703703703 0.8507734375000001 0.38559953703703703 0.8507734375000001 0.6058819444444444 0.7189036458333333 0.6058819444444444
0 0.02421744791666666 0.44766898148148143 0.14004817708333334 0.44766898148148143 0.14004817708333334 0.7106643518518518 0.02421744791666666 0.7106643518518518
3 0.43942317708333334 0.45590277777777777 0.5126341145833334 0.45590277777777777 0.5126341145833334 0.5640138888888889 0.43942317708333334 0.5640138888888889
3 0.5279205729166667 0.5083472222222222 0.6328242187500001 0.5083472222222222 0.6328242187500001 0.6625324074074074 0.5279205729166667 0.6625324074074074
3 0.6477643229166666 0.587013888888889 0.7766992187499999 0.587013888888889 0.7766992187499999 0.748337962962963 0.6477643229166666 0.748337962962963