3 0.2769375 0.5258657407407407 0.4912916666666666 0.5258657407407407 0.4912916666666666 0.6452453703703703 0.2769375 0.6452453703703703
3 0.2986484375 0.5599375 0.5776171875 0.5599375 0.5776171875 0.769275462962963 0.2986484375 0.769275462962963
3 0.33568749999999997 0.6009513888888888 0.6234166666666667 0.6009513888888888 0.6234166666666667 0.9123541666666667 0.33568749999999997 0.9123541666666667
3 0.44117578125 0.4431527777777778 0.4588971354166667 0.4431527777777778 0.4588971354166667 0.525125 0.44117578125 0.525125
1 0.10437239583333333 0.441462962962963 0.24024739583333332 0.441462962962963 0.24024739583333332 0.70825 0.10437239583333333 0.70825
3 0.6245638020833333 0.5841342592592592 0.7288059895833333 0.5841342592592592 0.7288059895833333 0.7424675925925927 0.6245638020833333 0.7424675925925927
3 0.45090625 0.4641666666666666 0.48527604166666666 0.4641666666666666 0.48527604166666666 0.5544351851851852 0.45090625 0.5544351851851852
2 0.8302057291666667 0.36793055555555554 0.9510703125000001 0.36793055555555554 0.9510703125000001 0.6040416666666667 0.8302057291666667 0.6040416666666667
1 0.60325390625 0.397337962962963 0.8119231770833333 0.397337962962963 0.8119231770833333 0.5464583333333333 0.60325390625 0.5464583333333333
1 0.19534114583333334 0.40399999999999997 0.37926822916666664 0.40399999999999997 0.37926822916666664 0.5401111111111111 0.19534114583333334 0.5401111111111111
3 0.48376953125000005 0.4713148148148148 0.5733346354166666 0.4713148148148148 0.5733346354166666 0.5867777777777778 0.48376953125000005 0.5867777777777778
3 0.7171731770833334 0.6123564814814815 0.9094986979166666 0.6123564814814815 0.9094986979166666 0.8396435185185186 0.7171731770833334 0.8396435185185186