1 0.14936328125 0.36284953703703704 0.28969921875 0.36284953703703704 0.28969921875 0.5181874999999999 0.14936328125 0.5181874999999999
1 0.2938125 0.32831018518518523 0.4719739583333333 0.32831018518518523 0.4719739583333333 0.41413425925925923 0.2938125 0.41413425925925923
1 0.22158723958333332 0.41567361111111106 0.4656888020833333 0.41567361111111106 0.4656888020833333 0.664511574074074 0.22158723958333332 0.664511574074074
1 0.19507552083333335 0.40551388888888895 0.32626822916666665 0.40551388888888895 0.32626822916666665 0.5157453703703704 0.19507552083333335 0.5157453703703704
2 0.656859375 0.33261574074074074 0.734125 0.33261574074074074 0.734125 0.5230231481481482 0.656859375 0.5230231481481482
3 0.3637760416666667 0.6199050925925926 0.66734375 0.6199050925925926 0.66734375 0.9415856481481482 0.3637760416666667 0.9415856481481482
3 0.31318098958333335 0.5719328703703703 0.5464231770833333 0.5719328703703703 0.5464231770833333 0.7616412037037037 0.31318098958333335 0.7616412037037037
3 0.45989453125 0.4536157407407408 0.49279817708333334 0.4536157407407408 0.49279817708333334 0.5574027777777778 0.45989453125 0.5574027777777778
3 0.49390494791666667 0.4963379629629629 0.55135546875 0.4963379629629629 0.55135546875 0.5942175925925925 0.49390494791666667 0.5942175925925925
3 0.5622981770833333 0.527224537037037 0.6548684895833333 0.527224537037037 0.6548684895833333 0.6362939814814814 0.5622981770833333 0.6362939814814814
3 0.6628020833333333 0.5712777777777778 0.7610989583333333 0.5712777777777778 0.7610989583333333 0.7378981481481482 0.6628020833333333 0.7378981481481482