2 0.790625 0.3359375 0.790625 0.5171875 0.88125 0.5171875 0.88125 0.3359375
2 0.6828125 0.3421875 0.6828125 0.503125 0.7265625 0.503125 0.7265625 0.3421875
3 0.4578125 0.475 0.4578125 0.5953125 0.6078125 0.5953125 0.6078125 0.475
2 0.715625 0.3421875 0.715625 0.50625 0.76875 0.50625 0.76875 0.3421875
1 0.40942317708333337 0.3270208333333333 0.55016015625 0.3270208333333333 0.55016015625 0.42252546296296295 0.40942317708333337 0.42252546296296295
1 0.5383281249999999 0.31950925925925927 0.6198958333333333 0.31950925925925927 0.6198958333333333 0.46236111111111106 0.5383281249999999 0.46236111111111106
3 0.2514075520833334 0.47523842592592586 0.44058723958333335 0.47523842592592586 0.44058723958333335 0.6086041666666667 0.2514075520833334 0.6086041666666667
3 0.3031861979166666 0.5206319444444445 0.46196484374999996 0.5206319444444445 0.46196484374999996 0.6787199074074073 0.3031861979166666 0.6787199074074073
3 0.3540143229166667 0.6473032407407407 0.6507877604166666 0.6473032407407407 0.6507877604166666 0.8768263888888889 0.3540143229166667 0.8768263888888889
3 0.5170703125 0.5492592592592592 0.6295494791666667 0.5492592592592592 0.6295494791666667 0.6436111111111111 0.5170703125 0.6436111111111111
3 0.4376419270833333 0.4693865740740741 0.4857799479166667 0.4693865740740741 0.4857799479166667 0.5169189814814815 0.4376419270833333 0.5169189814814815
3 0.66869921875 0.5956111111111111 0.7656132812499999 0.5956111111111111 0.7656132812499999 0.755462962962963 0.66869921875 0.755462962962963