1 0.71875 0.37777777777777777 0.5122395833333333 0.37777777777777777 0.5122395833333333 0.5152777777777777 0.71875 0.5152777777777777
3 0.7513020833333334 0.5935185185185186 0.5747395833333333 0.5935185185185186 0.5747395833333333 0.7106481481481481 0.7513020833333334 0.7106481481481481
3 0.9028645833333333 0.6388888888888888 0.7153645833333333 0.6388888888888888 0.7153645833333333 0.8310185185185185 0.9028645833333333 0.8310185185185185
3 0.7171875 0.7731481481481481 0.4875 0.7731481481481481 0.4875 0.9981481481481481 0.7171875 0.9981481481481481
2 0.7895182291666667 0.3598518518518518 0.8417005208333334 0.3598518518518518 0.8417005208333334 0.5268055555555556 0.7895182291666667 0.5268055555555556
2 0.8405299479166666 0.37946064814814817 0.9194908854166666 0.37946064814814817 0.9194908854166666 0.5780671296296296 0.8405299479166666 0.5780671296296296
2 0.5974947916666667 0.32652314814814815 0.7150729166666667 0.32652314814814815 0.7150729166666667 0.3826435185185185 0.5974947916666667 0.3826435185185185
3 0.29411588541666667 0.48127314814814814 0.4259934895833333 0.48127314814814814 0.4259934895833333 0.5809953703703704 0.29411588541666667 0.5809953703703704
3 0.33875390625 0.530337962962963 0.48179296875 0.530337962962963 0.48179296875 0.650986111111111 0.33875390625 0.650986111111111
3 0.38771354166666666 0.5655370370370371 0.5657916666666666 0.5655370370370371 0.5657916666666666 0.7337870370370371 0.38771354166666666 0.7337870370370371
3 0.44099218749999997 0.46634027777777776 0.5072317708333334 0.46634027777777776 0.5072317708333334 0.5434375 0.44099218749999997 0.5434375
3 0.5579921875 0.5484745370370371 0.6301119791666666 0.5484745370370371 0.6301119791666666 0.6458680555555556 0.5579921875 0.6458680555555556