3 0.51875 0.44029850746268656 0.353125 0.44029850746268656 0.353125 0.585820895522388 0.51875 0.585820895522388
1 0.784375 0.2966417910447761 0.5234375 0.2966417910447761 0.5234375 0.6940298507462687 0.784375 0.6940298507462687
1 0.9572916666666667 0.22014925373134328 0.7984375 0.22014925373134328 0.7984375 0.628731343283582 0.9572916666666667 0.628731343283582
3 0.38697916666666665 0.9654850746268657 0.3494791666666667 0.9654850746268657 0.3494791666666667 0.996268656716418 0.3859375 0.996268656716418
3 0.21666666666666665 0.5899253731343285 0.5008333333333332 0.5899253731343285 0.5008333333333332 0.9708582089552239 0.21666666666666665 0.9708582089552239
1 0.2908333333333334 0.3604477611940299 0.71875 0.3604477611940299 0.71875 1 0.2908333333333334 1
3 0.08958333333333333 0.6720149253731345 0.3825 0.6720149253731345 0.3825 1 0.08958333333333333 1
3 0.08249999999999999 0.5936520522388059 0.203125 0.5936520522388059 0.203125 0.7543703358208955 0.08249999999999999 0.7543703358208955
3 0 0.8697761194029852 0.065625 0.8697761194029852 0.065625 1 0 1
3 0 0.802607276119403 0.034375 0.802607276119403 0.034375 0.8767957089552239 0 0.8767957089552239
1 0.5708333333333333 0.19812966417910452 0.7849999999999999 0.19812966417910452 0.7849999999999999 0.3437919776119403 0.5708333333333333 0.3437919776119403
1 0.37000000000000005 0.15522854477611941 0.5333333333333333 0.15522854477611941 0.5333333333333333 0.34977145522388065 0.37000000000000005 0.34977145522388065