1 0.215625 0.35 0.215625 0.4125 0.2484375 0.4125 0.25 0.4140625 0.253125 0.4140625 0.2546875 0.415625 0.3890625 0.415625 0.3890625 0.35
1 0.14375 0.3984375 0.14375 0.58125 0.35625 0.58125 0.35625 0.3984375
2 0.79375 0.371875 0.79375 0.4296875 0.915625 0.4296875 0.915625 0.371875
0 0.02764322916666667 0.4350601851851852 0.1525546875 0.4350601851851852 0.1525546875 0.6869212962962963 0.02764322916666667 0.6869212962962963
2 0.9235052083333334 0.3882731481481482 1 0.3882731481481482 1 0.5901157407407408 0.9235052083333334 0.5901157407407408
1 0.72766796875 0.4516203703703704 0.95691015625 0.4516203703703704 0.95691015625 0.7981759259259259 0.72766796875 0.7981759259259259
1 0.6535768229166667 0.3456550925925926 0.8326367187500001 0.3456550925925926 0.8326367187500001 0.498900462962963 0.6535768229166667 0.498900462962963
1 0.8090520833333332 0.3838402777777778 0.906875 0.3838402777777778 0.906875 0.5315300925925927 0.8090520833333332 0.5315300925925927
3 0.62043359375 0.5612916666666666 0.7498528645833333 0.5612916666666666 0.7498528645833333 0.7540416666666667 0.62043359375 0.7540416666666667
3 0.4400481770833334 0.45076620370370374 0.51328515625 0.45076620370370374 0.51328515625 0.5778541666666667 0.4400481770833334 0.5778541666666667
3 0.5166848958333333 0.5253611111111111 0.6159296875 0.5253611111111111 0.6159296875 0.6612314814814815 0.5166848958333333 0.6612314814814815
3 0.50619140625 0.4824791666666667 0.6542304687500001 0.4824791666666667 0.6542304687500001 0.5749467592592593 0.50619140625 0.5749467592592593