3 0.5260416666666666 0.4412313432835821 0.3494791666666667 0.4412313432835821 0.3494791666666667 0.6044776119402985 0.5260416666666666 0.6044776119402985
1 0.909375 0.20335820895522388 0.8359375 0.20335820895522388 0.8359375 0.5904850746268657 0.909375 0.5904850746268657
1 0.365 0.17201958955223878 0.5291666666666667 0.17201958955223878 0.5291666666666667 0.3542490671641791 0.365 0.3542490671641791
3 0.5385416666666667 0.3063432835820895 0.6075 0.3063432835820895 0.6075 0.43337686567164185 0.5385416666666667 0.43337686567164185
3 0.5133333333333333 0.26156716417910447 0.8072916666666666 0.26156716417910447 0.8072916666666666 0.6722574626865672 0.5133333333333333 0.6722574626865672
3 0.3 0.3417863805970149 0.4864583333333333 0.3417863805970149 0.4864583333333333 0.5244449626865672 0.3 0.5244449626865672
3 0.20625000000000002 0.5843330223880597 0.37833333333333335 0.5843330223880597 0.37833333333333335 0.7095848880597014 0.20625000000000002 0.7095848880597014
3 0.09375 0.6645522388059703 0.3908333333333333 0.6645522388059703 0.3908333333333333 1 0.09375 1
3 0.09416666666666666 0.5824580223880597 0.2 0.5824580223880597 0.2 0.7080830223880598 0.09416666666666666 0.7080830223880598
3 0 0.8548507462686568 0.08645833333333333 0.8548507462686568 0.08645833333333333 1 0 1
3 0 0.7820895522388059 0.036458333333333336 0.7820895522388059 0.036458333333333336 0.8678358208955225 0 0.8678358208955225
1 0.16666666666666666 0.5003731343283583 0.7145833333333333 0.5003731343283583 0.7145833333333333 1 0.16666666666666666 1