2 0.884375 0.3560185185185185 0.7859375 0.3560185185185185 0.7859375 0.5324074074074074 0.884375 0.5324074074074074
3 0.6763020833333333 0.47962962962962963 0.465625 0.47962962962962963 0.465625 0.5902777777777778 0.6763020833333333 0.5902777777777778
3 0.7653645833333333 0.587037037037037 0.6403645833333333 0.587037037037037 0.6403645833333333 0.7171296296296297 0.7653645833333333 0.7171296296296297
3 0.75 0.7606481481481482 0.4859375 0.7606481481481482 0.4859375 0.9981481481481481 0.75 0.9981481481481481
3 0.2935494791666667 0.46679398148148155 0.4338567708333333 0.46679398148148155 0.4338567708333333 0.604900462962963 0.2935494791666667 0.604900462962963
3 0.29294791666666664 0.5229351851851851 0.47521354166666663 0.5229351851851851 0.47521354166666663 0.6637314814814814 0.29294791666666664 0.6637314814814814
3 0.30137109375000004 0.6018055555555556 0.5601809895833334 0.6018055555555556 0.5601809895833334 0.7557314814814815 0.30137109375000004 0.7557314814814815
3 0.36272786458333334 0.6165092592592593 0.6323658854166666 0.6165092592592593 0.6323658854166666 0.8241944444444445 0.36272786458333334 0.8241944444444445
3 0.4439752604166667 0.47154398148148147 0.4765455729166667 0.47154398148148147 0.4765455729166667 0.5356319444444444 0.4439752604166667 0.5356319444444444
3 0.5222565104166667 0.5365555555555556 0.6392799479166666 0.5365555555555556 0.6392799479166666 0.6396851851851851 0.5222565104166667 0.6396851851851851
0 0.015625 0.4236111111111111 0.19856770833333334 0.4236111111111111 0.19856770833333334 0.7268518518518519 0.015625 0.7268518518518519