1 0.203125 0.353125 0.203125 0.4125 0.234375 0.4125 0.2359375 0.4140625 0.2484375 0.4140625 0.25 0.4125 0.253125 0.4125 0.2546875 0.4140625 0.3796875 0.4140625 0.3796875 0.353125
1 0.7859375 0.4609375 0.7859375 0.8265625 0.9703125 0.8265625 0.9703125 0.4609375
3 0.5146489583333334 0.5235162037037038 0.5146489583333334 0.6375787037037037 0.6412114583333334 0.6375787037037037 0.6412114583333334 0.5235162037037038
3 0.62250390625 0.5863703703703703 0.7394856770833333 0.5863703703703703 0.7394856770833333 0.7395 0.62250390625 0.7395
2 0.92316015625 0.41018055555555555 1.0000013020833332 0.41018055555555555 1.0000013020833332 0.6453287037037038 0.92316015625 0.6453287037037038
1 0.7393919270833333 0.3551736111111111 0.8902278645833334 0.3551736111111111 0.8902278645833334 0.5001226851851852 0.7393919270833333 0.5001226851851852
1 0.37863541666666667 0.32702777777777775 0.4352083333333333 0.32702777777777775 0.4352083333333333 0.4340092592592592 0.37863541666666667 0.4340092592592592
1 0.42776171875 0.3297523148148148 0.5677695312500001 0.3297523148148148 0.5677695312500001 0.4501087962962963 0.42776171875 0.4501087962962963
1 0.20409244791666664 0.41918981481481477 0.4046783854166666 0.41918981481481477 0.4046783854166666 0.7086342592592593 0.20409244791666664 0.7086342592592593
1 0.12947005208333334 0.37679629629629635 0.26441015625000003 0.37679629629629635 0.26441015625000003 0.6437777777777778 0.12947005208333334 0.6437777777777778
3 0.47194270833333335 0.4760925925925927 0.5519791666666667 0.4760925925925927 0.5519791666666667 0.586574074074074 0.47194270833333335 0.586574074074074
3 0.4360625 0.45319444444444446 0.500828125 0.45319444444444446 0.500828125 0.5361851851851851 0.4360625 0.5361851851851851