1 0.4234375 0.3453125 0.4234375 0.4671875 0.5984375 0.4671875 0.5984375 0.3453125
1 0.209375 0.3515625 0.209375 0.4109375 0.2140625 0.4109375 0.215625 0.4125 0.2203125 0.4125 0.221875 0.4140625 0.225 0.4140625 0.2265625 0.415625 0.3546875 0.415625 0.3546875 0.3515625
3 0.6015625 0.5859375 0.6015625 0.71875 0.759375 0.71875 0.759375 0.5859375
1 0.403125 0.3203125 0.403125 0.390625 0.534375 0.390625 0.534375 0.3203125
1 0.2118736979166667 0.4117916666666666 0.41624609375 0.4117916666666666 0.41624609375 0.6718657407407408 0.2118736979166667 0.6718657407407408
1 0.13063802083333334 0.3760138888888889 0.25798177083333335 0.3760138888888889 0.25798177083333335 0.6718657407407408 0.13063802083333334 0.6718657407407408
1 0.8334401041666666 0.4227222222222222 0.9403567708333334 0.4227222222222222 0.9403567708333334 0.743675925925926 0.8334401041666666 0.743675925925926
2 0.8380794270833334 0.3699212962962963 0.95372265625 0.3699212962962963 0.95372265625 0.5126064814814815 0.8380794270833334 0.5126064814814815
3 0.5188125 0.5217175925925925 0.631484375 0.5217175925925925 0.631484375 0.672375 0.5188125 0.672375
3 0.47426171875000006 0.4837708333333334 0.5357018229166667 0.4837708333333334 0.5357018229166667 0.5825902777777777 0.47426171875000006 0.5825902777777777
3 0.43948567708333336 0.45659027777777783 0.4849361979166667 0.45659027777777783 0.4849361979166667 0.5275578703703704 0.43948567708333336 0.5275578703703704
1 0.37302734374999996 0.32986342592592593 0.41847786458333336 0.32986342592592593 0.41847786458333336 0.43071990740740734 0.37302734374999996 0.43071990740740734