3 0.32859505208333334 0.6146319444444445 0.6230507812500001 0.6146319444444445 0.6230507812500001 0.9032013888888889 0.32859505208333334 0.9032013888888889
3 0.3010677083333333 0.5619259259259259 0.5786770833333333 0.5619259259259259 0.5786770833333333 0.7273703703703704 0.3010677083333333 0.7273703703703704
3 0.2717916666666666 0.5116458333333334 0.4923125 0.5116458333333334 0.4923125 0.6646782407407408 0.2717916666666666 0.6646782407407408
3 0.62182421875 0.5686944444444444 0.7101236979166666 0.5686944444444444 0.7101236979166666 0.7598796296296296 0.62182421875 0.7598796296296296
3 0.4458815104166666 0.4398587962962963 0.5275143229166667 0.4398587962962963 0.5275143229166667 0.48103935185185187 0.4458815104166666 0.48103935185185187
1 0.24720442708333337 0.3367731481481482 0.39886328125 0.3367731481481482 0.39886328125 0.4323009259259259 0.24720442708333337 0.4323009259259259
1 0.6017799479166667 0.40309953703703705 0.7654231770833334 0.40309953703703705 0.7654231770833334 0.5288078703703704 0.6017799479166667 0.5288078703703704
3 0.7143541666666666 0.6204166666666667 0.9108854166666667 0.6204166666666667 0.9108854166666667 0.8262592592592592 0.7143541666666666 0.8262592592592592
1 0.18663411458333334 0.4126828703703704 0.3488763020833333 0.4126828703703704 0.3488763020833333 0.5814930555555556 0.18663411458333334 0.5814930555555556
3 0.44990885416666665 0.47272453703703704 0.5144609375 0.47272453703703704 0.5144609375 0.541423611111111 0.44990885416666665 0.541423611111111
3 0.5180403645833335 0.48631481481481487 0.57376171875 0.48631481481481487 0.57376171875 0.584574074074074 0.5180403645833335 0.584574074074074
1 0.41137890625000006 0.3208958333333333 0.5407877604166667 0.3208958333333333 0.5407877604166667 0.42659490740740735 0.41137890625000006 0.42659490740740735