1 0.434375 0.3277777777777778 0.24375 0.3277777777777778 0.24375 0.4638888888888889 0.434375 0.4638888888888889
1 0.8046875 0.3574074074074074 0.6528645833333333 0.3574074074074074 0.6528645833333333 0.55 0.8046875 0.55
3 0.9028645833333333 0.6421296296296296 0.7138020833333333 0.6421296296296296 0.7138020833333333 0.8296296296296296 0.9028645833333333 0.8296296296296296
3 0.71875 0.774537037037037 0.4825520833333333 0.774537037037037 0.4825520833333333 0.9981481481481481 0.71875 0.9981481481481481
3 0.3296927083333333 0.4798425925925926 0.4242968750000001 0.4798425925925926 0.4242968750000001 0.5870555555555556 0.3296927083333333 0.5870555555555556
3 0.3311184895833333 0.5273796296296296 0.4789700520833333 0.5273796296296296 0.4789700520833333 0.6208703703703703 0.3311184895833333 0.6208703703703703
3 0.35964192708333337 0.565412037037037 0.54017578125 0.565412037037037 0.54017578125 0.7079490740740741 0.35964192708333337 0.7079490740740741
3 0.4675572916666667 0.5802060185185185 0.6025729166666667 0.5802060185185185 0.6025729166666667 0.8017939814814815 0.4675572916666667 0.8017939814814815
3 0.5877161458333333 0.5780879629629629 0.6924244791666666 0.5780879629629629 0.6924244791666666 0.7164027777777777 0.5877161458333333 0.7164027777777777
3 0.4445013020833333 0.45448379629629626 0.4922799479166666 0.45448379629629626 0.4922799479166666 0.5346365740740741 0.4445013020833333 0.5346365740740741
3 0.50394140625 0.496712962962963 0.6026419270833333 0.496712962962963 0.6026419270833333 0.5704074074074074 0.50394140625 0.5704074074074074