1 0.4296875 0.35 0.4296875 0.465625 0.603125 0.465625 0.603125 0.35
1 0.20625 0.3515625 0.20625 0.4125 0.2078125 0.4109375 0.215625 0.4109375 0.2171875 0.4125 0.3765625 0.4125 0.3765625 0.3515625
1 0.4015625 0.321875 0.4015625 0.3796875 0.5546875 0.3796875 0.5546875 0.321875
3 0.6015625 0.575 0.6015625 0.71875 0.759375 0.71875 0.759375 0.575
1 0.6919622395833334 0.38621527777777775 0.89446484375 0.38621527777777775 0.89446484375 0.6228402777777778 0.6919622395833334 0.6228402777777778
1 0.6819062499999998 0.36081944444444447 0.8370989583333334 0.36081944444444447 0.8370989583333334 0.44562500000000005 0.6819062499999998 0.44562500000000005
1 0.20411197916666665 0.4208981481481482 0.4320078125 0.4208981481481482 0.4320078125 0.69225 0.20411197916666665 0.69225
1 0.12887369791666667 0.38530324074074074 0.29488151041666666 0.38530324074074074 0.29488151041666666 0.6318263888888889 0.12887369791666667 0.6318263888888889
3 0.5272747395833334 0.5081944444444444 0.6052356770833334 0.5081944444444444 0.6052356770833334 0.6569537037037037 0.5272747395833334 0.6569537037037037
3 0.47501953125 0.48727083333333326 0.5299127604166667 0.48727083333333326 0.5299127604166667 0.5933217592592592 0.47501953125 0.5933217592592592
3 0.42747005208333333 0.4646736111111111 0.48245703125 0.4646736111111111 0.48245703125 0.543761574074074 0.42747005208333333 0.543761574074074