3 0.26993880208333326 0.5256087962962963 0.48389453125 0.5256087962962963 0.48389453125 0.6576875 0.26993880208333326 0.6576875
3 0.2986484375 0.5611828703703704 0.5776171875 0.5611828703703704 0.5776171875 0.7705208333333333 0.2986484375 0.7705208333333333
3 0.33568880208333335 0.6021967592592592 0.6150091145833333 0.6021967592592592 0.6150091145833333 0.913599537037037 0.33568880208333335 0.913599537037037
3 0.44164453124999997 0.44086574074074075 0.4578033854166667 0.44086574074074075 0.4578033854166667 0.5228379629629629 0.44164453124999997 0.5228379629629629
1 0.030265625 0.45093750000000005 0.11898958333333333 0.45093750000000005 0.11898958333333333 0.7735810185185185 0.030265625 0.7735810185185185
2 0.8834661458333334 0.382849537037037 0.9692161458333334 0.382849537037037 0.9692161458333334 0.6132523148148148 0.8834661458333334 0.6132523148148148
1 0.44867708333333334 0.3274189814814815 0.600609375 0.3274189814814815 0.600609375 0.4385439814814815 0.44867708333333334 0.4385439814814815
1 0.5651471354166666 0.3639583333333334 0.6830924479166666 0.3639583333333334 0.6830924479166666 0.5618101851851852 0.5651471354166666 0.5618101851851852
2 0.9694166666666668 0.410712962962963 1 0.410712962962963 1 0.6607500000000001 0.9694166666666668 0.6607500000000001
2 0.7820481770833333 0.36343749999999997 0.8842486979166666 0.36343749999999997 0.8842486979166666 0.5536736111111111 0.7820481770833333 0.5536736111111111
3 0.63023046875 0.600625 0.7565716145833332 0.600625 0.7565716145833332 0.7495787037037037 0.63023046875 0.7495787037037037
3 0.44944661458333335 0.46995370370370365 0.5443190104166666 0.46995370370370365 0.5443190104166666 0.5581203703703703 0.44944661458333335 0.5581203703703703