1 0.8075520833333333 0.3592592592592593 0.5825520833333333 0.3592592592592593 0.5825520833333333 0.5435185185185185 0.8075520833333333 0.5435185185185185
3 0.9028645833333333 0.6402777777777777 0.7450520833333333 0.6402777777777777 0.7450520833333333 0.8310185185185185 0.9028645833333333 0.8310185185185185
1 0.4278645833333333 0.324537037037037 0.26536458333333335 0.324537037037037 0.26536458333333335 0.4638888888888889 0.4278645833333333 0.4638888888888889
3 0.7153645833333333 0.7763888888888889 0.4825520833333333 0.7763888888888889 0.4825520833333333 0.9981481481481481 0.7153645833333333 0.9981481481481481
3 0.421875 0.4638888888888889 0.25755208333333335 0.4638888888888889 0.25755208333333335 0.6263888888888889 0.421875 0.6263888888888889
3 0.603125 0.44212962962962965 0.4375 0.44212962962962965 0.4375 0.524537037037037 0.603125 0.524537037037037
3 0.29791666666666666 0.5745347222222221 0.578125 0.5745347222222221 0.578125 0.810048611111111 0.29791666666666666 0.810048611111111
3 0.346875 0.5930578703703704 0.6315104166666666 0.5930578703703704 0.6315104166666666 0.9063773148148149 0.346875 0.9063773148148149
3 0.259375 0.5282430555555555 0.4817708333333333 0.5282430555555555 0.4817708333333333 0.6692662037037037 0.259375 0.6692662037037037
3 0.48822916666666666 0.5032662037037037 0.56703125 0.5032662037037037 0.56703125 0.5713541666666667 0.48822916666666666 0.5713541666666667
3 0.6316458333333335 0.6125185185185185 0.7194010416666666 0.6125185185185185 0.7194010416666666 0.7008703703703704 0.6316458333333335 0.7008703703703704