3 0.2769361979166666 0.5296967592592593 0.4413138020833333 0.5296967592592593 0.4413138020833333 0.6664791666666666 0.2769361979166666 0.6664791666666666
3 0.2986484375 0.5599375 0.5776171875 0.5599375 0.5776171875 0.769275462962963 0.2986484375 0.769275462962963
3 0.33568749999999997 0.6009513888888888 0.6234166666666667 0.6009513888888888 0.6234166666666667 0.9123541666666667 0.33568749999999997 0.9123541666666667
3 0.4437591145833333 0.4554027777777778 0.46148046875 0.4554027777777778 0.46148046875 0.537375 0.4437591145833333 0.537375
3 0.6252278645833333 0.5782361111111111 0.7194231770833334 0.5782361111111111 0.7194231770833334 0.7424675925925927 0.6252278645833333 0.7424675925925927
3 0.48934375 0.47258796296296296 0.6109427083333333 0.47258796296296296 0.6109427083333333 0.5775046296296296 0.48934375 0.5775046296296296
2 0.82901953125 0.36908101851851854 0.97944921875 0.36908101851851854 0.97944921875 0.5875856481481482 0.82901953125 0.5875856481481482
1 0.1802174479166667 0.4024259259259259 0.37888671874999996 0.4024259259259259 0.37888671874999996 0.5489722222222222 0.1802174479166667 0.5489722222222222
1 0.29184244791666664 0.3408425925925926 0.4546731770833333 0.3408425925925926 0.4546731770833333 0.41664814814814816 0.29184244791666664 0.41664814814814816
1 0.6336041666666666 0.39806018518518516 0.8203020833333333 0.39806018518518516 0.8203020833333333 0.5647361111111111 0.6336041666666666 0.5647361111111111
3 0.46304036458333336 0.46454166666666663 0.4910221354166666 0.46454166666666663 0.4910221354166666 0.5609490740740741 0.46304036458333336 0.5609490740740741
3 0.71509375 0.6160509259259259 0.91284375 0.6160509259259259 0.91284375 0.8343657407407408 0.71509375 0.8343657407407408