0 0.02803385416666666 0.44979166666666665 0.1837265625 0.44979166666666665 0.1837265625 0.7414120370370371 0.02803385416666666 0.7414120370370371
3 0.26994140625 0.532326388888889 0.43472005208333336 0.532326388888889 0.43472005208333336 0.6544513888888889 0.26994140625 0.6544513888888889
3 0.2986484375 0.55675 0.5776171875 0.55675 0.5776171875 0.7705185185185186 0.2986484375 0.7705185185185186
3 0.33568749999999997 0.5952384259259259 0.6331770833333333 0.5952384259259259 0.6331770833333333 0.9136041666666667 0.33568749999999997 0.9136041666666667
3 0.6276979166666666 0.5753842592592593 0.8252916666666666 0.5753842592592593 0.8252916666666666 0.7402916666666667 0.6276979166666666 0.7402916666666667
3 0.4813841145833333 0.4760532407407408 0.6529752604166666 0.4760532407407408 0.6529752604166666 0.5831226851851852 0.4813841145833333 0.5831226851851852
3 0.44369661458333337 0.4401527777777778 0.5197200520833333 0.4401527777777778 0.5197200520833333 0.4805416666666667 0.44369661458333337 0.4805416666666667
1 0.26335416666666667 0.3277777777777778 0.437546875 0.3277777777777778 0.437546875 0.462462962962963 0.26335416666666667 0.462462962962963
2 0.8590716145833334 0.38306250000000003 0.95491796875 0.38306250000000003 0.95491796875 0.6145486111111111 0.8590716145833334 0.6145486111111111
2 0.8088072916666665 0.3678078703703704 0.8583333333333333 0.3678078703703704 0.8583333333333333 0.5523958333333333 0.8088072916666665 0.5523958333333333
1 0.14126302083333334 0.4237592592592593 0.1880703125 0.4237592592592593 0.1880703125 0.45767592592592593 0.14126302083333334 0.45767592592592593
3 0.44666796875 0.47527083333333336 0.48366536458333337 0.47527083333333336 0.48366536458333337 0.5552291666666667 0.44666796875 0.5552291666666667