3 0.5276041666666667 0.4430970149253731 0.3546875 0.4430970149253731 0.3546875 0.5951492537313433 0.5276041666666667 0.5951492537313433
1 0.9526041666666667 0.22014925373134328 0.8369791666666667 0.22014925373134328 0.8369791666666667 0.6343283582089553 0.9526041666666667 0.6343283582089553
1 0.790625 0.2789179104477612 0.5 0.2789179104477612 0.5 0.664179104477612 0.790625 0.664179104477612
1 0.3633333333333333 0.16455223880597014 0.53125 0.16455223880597014 0.53125 0.3647014925373135 0.3633333333333333 0.3647014925373135
3 0.3 0.34738339552238806 0.49166666666666664 0.34738339552238806 0.49166666666666664 0.5214598880597014 0.3 0.5214598880597014
3 0.559375 0.3417863805970149 0.6008333333333333 0.3417863805970149 0.6008333333333333 0.4064972014925373 0.559375 0.4064972014925373
3 0.22812499999999997 0.5693983208955223 0.3758333333333333 0.5693983208955223 0.3758333333333333 0.7036054104477613 0.22812499999999997 0.7036054104477613
3 0.09166666666666665 0.6720149253731345 0.31916666666666665 0.6720149253731345 0.31916666666666665 1 0.09166666666666665 1
3 0.08833333333333335 0.5824580223880597 0.2125 0.5824580223880597 0.2125 0.7036054104477613 0.08833333333333335 0.7036054104477613
1 0.1466666666666666 0.48544776119402994 0.690625 0.48544776119402994 0.690625 1 0.1466666666666666 1
3 0 0.862313432835821 0.058333333333333334 0.862313432835821 0.058333333333333334 1 0 1
3 0 0.8212686567164179 0.03333333333333333 0.8212686567164179 0.03333333333333333 0.8663432835820895 0 0.8663432835820895