1 0.29370182291666663 0.3240601851851852 0.40830859375 0.3240601851851852 0.40830859375 0.4186064814814815 0.29370182291666663 0.4186064814814815
1 0.15011458333333336 0.35928009259259264 0.2719479166666667 0.35928009259259264 0.2719479166666667 0.4661365740740741 0.15011458333333336 0.4661365740740741
1 0.20201822916666667 0.4172962962962963 0.4351171875 0.4172962962962963 0.4351171875 0.6598888888888889 0.20201822916666667 0.6598888888888889
3 0.32705338541666673 0.6288518518518518 0.6705455729166666 0.6288518518518518 0.6705455729166666 0.8952037037037037 0.32705338541666673 0.8952037037037037
3 0.3034765625 0.5700300925925925 0.5051067708333333 0.5700300925925925 0.5051067708333333 0.7716365740740742 0.3034765625 0.7716365740740742
3 0.44777213541666666 0.4547037037037037 0.4897122395833334 0.4547037037037037 0.4897122395833334 0.5556296296296297 0.44777213541666666 0.5556296296296297
3 0.4903151041666666 0.4867893518518519 0.5549973958333333 0.4867893518518519 0.5549973958333333 0.5990347222222222 0.4903151041666666 0.5990347222222222
3 0.5639817708333333 0.5247430555555556 0.6351692708333333 0.5247430555555556 0.6351692708333333 0.6371365740740741 0.5639817708333333 0.6371365740740741
3 0.6480091145833333 0.5797129629629629 0.7569752604166667 0.5797129629629629 0.7569752604166667 0.7208148148148148 0.6480091145833333 0.7208148148148148
2 0.6467382812500001 0.3271087962962963 0.7642356770833333 0.3271087962962963 0.7642356770833333 0.49776157407407406 0.6467382812500001 0.49776157407407406
1 0.17721614583333334 0.3839560185185185 0.3241588541666667 0.3839560185185185 0.3241588541666667 0.4572199074074074 0.17721614583333334 0.4572199074074074