3 0.5276041666666667 0.42350746268656714 0.3359375 0.42350746268656714 0.3359375 0.6147388059701493 0.5276041666666667 0.6147388059701493
1 0.36000000000000004 0.16455223880597014 0.5322916666666667 0.16455223880597014 0.5322916666666667 0.37216417910447763 0.36000000000000004 0.37216417910447763
3 0.5302083333333333 0.3063432835820895 0.6099999999999999 0.3063432835820895 0.6099999999999999 0.440839552238806 0.5302083333333333 0.440839552238806
1 0.7616666666666667 0.20746268656716418 0.9322916666666666 0.20746268656716418 0.9322916666666666 0.4483022388059702 0.7616666666666667 0.4483022388059702
1 0.7041666666666667 0.3473880597014925 0.9625 0.3473880597014925 0.9625 0.9663805970149254 0.7041666666666667 0.9663805970149254
1 0.5375 0.2970149253731343 0.7583333333333333 0.2970149253731343 0.7583333333333333 0.745410447761194 0.5375 0.745410447761194
1 0.153125 0.6216417910447762 0.6691666666666667 0.6216417910447762 0.6691666666666667 1 0.153125 1
3 0.29583333333333334 0.37723414179104475 0.4427083333333333 0.37723414179104475 0.4427083333333333 0.5169822761194031 0.29583333333333334 0.5169822761194031
3 0.12083333333333333 0.5936567164179104 0.17604166666666668 0.5936567164179104 0.17604166666666668 0.6767350746268656 0.12083333333333333 0.6767350746268656
3 0.09479166666666668 0.6645522388059703 0.3225 0.6645522388059703 0.3225 1 0.09479166666666668 1
3 0.007500000000000003 0.864179104477612 0.07291666666666667 0.864179104477612 0.07291666666666667 1 0.007500000000000003 1
3 0 0.8436567164179104 0.007916666666666666 0.8436567164179104 0.007916666666666666 0.924570895522388 0 0.924570895522388