1 0.790625 0.440625 0.790625 0.7796875 0.9875 0.7796875 0.9875 0.440625
1 0.2109375 0.3515625 0.2109375 0.4125 0.240625 0.4125 0.2421875 0.4140625 0.25 0.4140625 0.2515625 0.415625 0.390625 0.415625 0.390625 0.3515625
1 0.15 0.403125 0.15 0.5921875 0.3328125 0.5921875 0.3328125 0.403125
1 0.4953125 0.33125 0.4953125 0.45 0.646875 0.45 0.646875 0.33125
2 0.7921875 0.3703125 0.7921875 0.4875 0.9 0.4875 0.9 0.3703125
3 0.6375 0.58125 0.6375 0.7390625 0.8171875 0.7390625 0.8171875 0.58125
3 0.534375 0.5296875 0.534375 0.678125 0.6671875 0.678125 0.6671875 0.5296875
2 0.928125 0.4 0.928125 0.5046875 0.996875 0.5046875 0.996875 0.4
0 0.00625 0.4484375 0.00625 0.65625 0.15 0.65625 0.15 0.4484375
3 0.4324895833333333 0.453087962962963 0.4917916666666666 0.453087962962963 0.4917916666666666 0.5633287037037037 0.4324895833333333 0.5633287037037037
3 0.46992317708333337 0.47448148148148156 0.5452486979166667 0.47448148148148156 0.5452486979166667 0.5780185185185185 0.46992317708333337 0.5780185185185185