1 0.8125 0.271455223880597 0.4510416666666667 0.271455223880597 0.4510416666666667 0.6930970149253731 0.8125 0.6930970149253731
3 0.48854166666666665 0.4430970149253731 0.3463541666666667 0.4430970149253731 0.3463541666666667 0.6044776119402985 0.48854166666666665 0.6044776119402985
1 0.9609375 0.21641791044776118 0.8010416666666667 0.21641791044776118 0.8010416666666667 0.628731343283582 0.9609375 0.628731343283582
3 0.2260416666666667 0.5694029850746268 0.52 0.5694029850746268 0.52 0.9693656716417909 0.2260416666666667 0.9693656716417909
3 0.09479166666666666 0.6645522388059703 0.3825 0.6645522388059703 0.3825 1 0.09479166666666666 1
1 0.3616666666666667 0.16082555970149254 0.5333333333333333 0.16082555970149254 0.5333333333333333 0.35574160447761194 0.3616666666666667 0.35574160447761194
3 0.29583333333333334 0.37350279850746265 0.4354166666666667 0.37350279850746265 0.4354166666666667 0.5229524253731344 0.29583333333333334 0.5229524253731344
1 0.34916666666666674 0.3399253731343284 0.746875 0.3399253731343284 0.746875 1 0.34916666666666674 1
1 0.5266666666666666 0.17947761194029854 0.73125 0.17947761194029854 0.73125 0.42740671641791045 0.5266666666666666 0.42740671641791045
3 0.07583333333333335 0.595527052238806 0.20833333333333334 0.595527052238806 0.20833333333333334 0.7693050373134328 0.07583333333333335 0.7693050373134328
3 0 0.8567164179104478 0.058333333333333334 0.8567164179104478 0.058333333333333334 1 0 1
3 0 0.8138059701492537 0.03125 0.8138059701492537 0.03125 0.8663432835820895 0 0.8663432835820895