3 0.26994140624999996 0.5071226851851852 0.44794921875 0.5071226851851852 0.44794921875 0.6544513888888889 0.26994140624999996 0.6544513888888889
3 0.2986484375 0.55675 0.5776171875 0.55675 0.5776171875 0.7705185185185186 0.2986484375 0.7705185185185186
3 0.33568749999999997 0.5952384259259259 0.6331770833333333 0.5952384259259259 0.6331770833333333 0.9136041666666667 0.33568749999999997 0.9136041666666667
3 0.62069921875 0.5753842592592593 0.72923828125 0.5753842592592593 0.72923828125 0.7402916666666667 0.62069921875 0.7402916666666667
3 0.49061328125 0.4760532407407408 0.59407421875 0.4760532407407408 0.59407421875 0.5831226851851852 0.49061328125 0.5831226851851852
1 0.27913932291666665 0.34064814814814814 0.41457942708333334 0.34064814814814814 0.41457942708333334 0.418712962962963 0.27913932291666665 0.418712962962963
3 0.46822395833333336 0.46896064814814814 0.4974270833333333 0.46896064814814814 0.4974270833333333 0.5531874999999999 0.46822395833333336 0.5531874999999999
3 0.44590104166666666 0.45524537037037033 0.4634166666666667 0.45524537037037033 0.4634166666666667 0.5336527777777778 0.44590104166666666 0.5336527777777778
3 0.7140846354166667 0.6137453703703704 0.9121236979166667 0.6137453703703704 0.9121236979166667 0.8233472222222221 0.7140846354166667 0.8233472222222221
1 0.18777473958333335 0.35964583333333333 0.37495963541666666 0.35964583333333333 0.37495963541666666 0.5929189814814815 0.18777473958333335 0.5929189814814815
2 0.8293059895833335 0.3721087962962963 0.9621263020833334 0.3721087962962963 0.9621263020833334 0.5804374999999999 0.8293059895833335 0.5804374999999999
3 0.5780677083333334 0.5341782407407407 0.6368333333333334 0.5341782407407407 0.6368333333333334 0.6211550925925926 0.5780677083333334 0.6211550925925926