2 0.66875 0.334375 0.66875 0.45 0.7234375 0.45 0.7234375 0.334375
3 0.60625 0.6015625 0.60625 0.7171875 0.746875 0.7171875 0.746875 0.6015625
2 0.90234375 0.40555555555555556 0.9625 0.40555555555555556 0.9625 0.6211018518518518 0.90234375 0.6211018518518518
1 0.15625 0.5189814814814815 0.3333333333333333 0.5189814814814815 0.3333333333333333 0.9767685185185186 0.15625 0.9767685185185186
3 0.25871223958333334 0.43456249999999996 0.43362630208333336 0.43456249999999996 0.43362630208333336 0.5583449074074074 0.25871223958333334 0.5583449074074074
3 0.2806692708333333 0.5175092592592593 0.4775390625 0.5175092592592593 0.4775390625 0.639037037037037 0.2806692708333333 0.639037037037037
3 0.3048190104166667 0.5532847222222221 0.5543841145833334 0.5532847222222221 0.5543841145833334 0.7678819444444445 0.3048190104166667 0.7678819444444445
3 0.3604427083333333 0.6492430555555556 0.6037864583333333 0.6492430555555556 0.6037864583333333 0.903238425925926 0.3604427083333333 0.903238425925926
3 0.6879492187499999 0.6427361111111111 0.9137278645833332 0.6427361111111111 0.9137278645833332 0.805625 0.6879492187499999 0.805625
3 0.45591276041666673 0.4650833333333333 0.50483203125 0.4650833333333333 0.50483203125 0.5474537037037037 0.45591276041666673 0.5474537037037037
3 0.4722903645833333 0.5007708333333333 0.6045742187500001 0.5007708333333333 0.6045742187500001 0.5948032407407408 0.4722903645833333 0.5948032407407408