1 0.565625 0.3125 0.4171875 0.3125 0.4171875 0.4310185185185185 0.565625 0.4310185185185185
3 0.9028645833333333 0.6388888888888888 0.721875 0.6388888888888888 0.721875 0.8263888888888888 0.9028645833333333 0.8263888888888888
1 0.41380208333333335 0.3263888888888889 0.27005208333333336 0.3263888888888889 0.27005208333333336 0.4375 0.41380208333333335 0.4375
3 0.7263020833333333 0.7356481481481482 0.4859375 0.7356481481481482 0.4859375 0.9981481481481481 0.7263020833333333 0.9981481481481481
2 0.6638020833333333 0.3106481481481482 0.5872395833333334 0.3106481481481482 0.5872395833333334 0.45925925925925926 0.6638020833333333 0.45925925925925926
3 0.30440494791666667 0.4790023148148148 0.42999609375 0.4790023148148148 0.42999609375 0.6094050925925926 0.30440494791666667 0.6094050925925926
3 0.34913932291666666 0.5178541666666667 0.47884505208333333 0.5178541666666667 0.47884505208333333 0.6624421296296297 0.34913932291666666 0.6624421296296297
3 0.4242122395833334 0.5635578703703704 0.5386210937500001 0.5635578703703704 0.5386210937500001 0.7291921296296296 0.4242122395833334 0.7291921296296296
3 0.4872005208333333 0.49271527777777774 0.5609869791666667 0.49271527777777774 0.5609869791666667 0.5874606481481481 0.4872005208333333 0.5874606481481481
3 0.4447786458333333 0.4435810185185185 0.49568489583333336 0.4435810185185185 0.49568489583333336 0.5344282407407407 0.4447786458333333 0.5344282407407407
3 0.5482617187500001 0.5589861111111112 0.6206341145833334 0.5589861111111112 0.6206341145833334 0.6743287037037037 0.5482617187500001 0.6743287037037037
3 0.5926119791666667 0.5772685185185186 0.7039348958333332 0.5772685185185186 0.7039348958333332 0.7173055555555556 0.5926119791666667 0.7173055555555556