3 0.3109375 0.625 0.3109375 0.915625 0.6671875 0.915625 0.6671875 0.625
3 0.2890625 0.553125 0.2890625 0.7078125 0.4828125 0.7078125 0.4828125 0.553125
2 0.865625 0.3734375 0.865625 0.590625 0.95625 0.590625 0.95625 0.3734375
3 0.540625 0.5515625 0.540625 0.64375 0.6703125 0.64375 0.6703125 0.5515625
1 0.33460546875 0.3265277777777778 0.4067747395833334 0.3265277777777778 0.4067747395833334 0.43524074074074076 0.33460546875 0.43524074074074076
1 0.4105494791666667 0.3251967592592592 0.47510677083333336 0.3251967592592592 0.47510677083333336 0.4109421296296296 0.4105494791666667 0.4109421296296296
1 0.46694270833333323 0.3251921296296297 0.6046666666666666 0.3251921296296297 0.6046666666666666 0.46342824074074074 0.46694270833333323 0.46342824074074074
1 0.6052955729166667 0.3492546296296296 0.6910377604166666 0.3492546296296296 0.6910377604166666 0.506199074074074 0.6052955729166667 0.506199074074074
1 0.19193489583333337 0.42544907407407406 0.40904427083333333 0.42544907407407406 0.40904427083333333 0.6034027777777778 0.19193489583333337 0.6034027777777778
3 0.6519166666666667 0.581849537037037 0.75171875 0.581849537037037 0.75171875 0.7404560185185185 0.6519166666666667 0.7404560185185185
3 0.43536197916666663 0.4481759259259259 0.4876796875 0.4481759259259259 0.4876796875 0.5363333333333333 0.43536197916666663 0.5363333333333333
3 0.471453125 0.49228935185185185 0.548359375 0.49228935185185185 0.548359375 0.5995162037037037 0.471453125 0.5995162037037037