2 0.890625 0.39278425925925925 0.890625 0.5787217592592593 0.9984375 0.5787217592592593 0.9984375 0.39278425925925925
2 0.7871692708333333 0.35107962962962963 0.7871692708333333 0.5588921296296296 0.8809192708333333 0.5588921296296296 0.8809192708333333 0.35107962962962963
1 0.6770221354166668 0.40277777777777785 0.8346341145833333 0.40277777777777785 0.8346341145833333 0.6846296296296297 0.6770221354166668 0.6846296296296297
1 0.19047265625 0.4143935185185185 0.41481901041666674 0.4143935185185185 0.41481901041666674 0.593912037037037 0.19047265625 0.593912037037037
3 0.2451171875 0.5125 0.49473697916666665 0.5125 0.49473697916666665 0.6873888888888889 0.2451171875 0.6873888888888889
3 0.28592708333333333 0.5767708333333333 0.5689479166666666 0.5767708333333333 0.5689479166666666 0.7451921296296297 0.28592708333333333 0.7451921296296297
3 0.32327994791666664 0.6393518518518518 0.6755065104166668 0.6393518518518518 0.6755065104166668 0.8964722222222222 0.32327994791666664 0.8964722222222222
3 0.7107096354166667 0.6207476851851852 0.9112278645833333 0.6207476851851852 0.9112278645833333 0.8239097222222223 0.7107096354166667 0.8239097222222223
3 0.4499231770833333 0.45706018518518526 0.5410611979166667 0.45706018518518526 0.5410611979166667 0.534300925925926 0.4499231770833333 0.534300925925926
3 0.48398697916666666 0.49591203703703707 0.5747057291666666 0.49591203703703707 0.5747057291666666 0.5908009259259259 0.48398697916666666 0.5908009259259259
3 0.5574153645833334 0.5141967592592592 0.6941627604166667 0.5141967592592592 0.6941627604166667 0.6099143518518518 0.5574153645833334 0.6099143518518518