1 0.5359375 0.359375 0.5359375 0.4953125 0.7265625 0.4953125 0.7265625 0.359375
1 0.171875 0.396875 0.171875 0.5859375 0.353125 0.5859375 0.353125 0.396875
1 0.4375 0.3484375 0.4375 0.4421875 0.5875 0.4421875 0.5875 0.3484375
3 0.3484375 0.6453125 0.3484375 0.85 0.6703125 0.85 0.6703125 0.6453125
2 0.7671875 0.3625 0.7671875 0.484375 0.909375 0.484375 0.909375 0.3625
3 0.54375 0.490625 0.54375 0.6375 0.6578125 0.6375 0.6578125 0.490625
3 0.5109375 0.4875 0.5109375 0.6390625 0.659375 0.6390625 0.659375 0.4875
3 0.625 0.575 0.625 0.7375 0.765625 0.7375 0.765625 0.575
1 0.7863749999999999 0.43819444444444444 0.9595104166666667 0.43819444444444444 0.9595104166666667 0.7787499999999999 0.7863749999999999 0.7787499999999999
1 0.7079427083333333 0.37163425925925925 0.7855 0.37163425925925925 0.7855 0.5188009259259259 0.7079427083333333 0.5188009259259259
1 0.25270182291666665 0.33815046296296297 0.36295963541666665 0.33815046296296297 0.36295963541666665 0.4116273148148148 0.25270182291666665 0.4116273148148148
1 0.29926953125 0.3077175925925926 0.3920638020833333 0.3077175925925926 0.3920638020833333 0.3616990740740741 0.29926953125 0.3616990740740741