1 0.7921875 0.4375 0.7921875 0.8078125 0.965625 0.8078125 0.965625 0.4375
1 0.1390625 0.3984375 0.1390625 0.590625 0.3328125 0.590625 0.3328125 0.3984375
1 0.2 0.3515625 0.2 0.4109375 0.2015625 0.4125 0.2140625 0.4125 0.215625 0.4109375 0.2203125 0.4109375 0.221875 0.4125 0.2453125 0.4125 0.246875 0.4140625 0.2484375 0.4140625 0.25 0.415625 0.4 0.415625 0.4 0.3515625
0 0.022890624999999994 0.4335023148148148 0.140625 0.4335023148148148 0.140625 0.7368125000000001 0.022890624999999994 0.7368125000000001
1 0.7051080729166667 0.39340046296296294 0.8753815104166667 0.39340046296296294 0.8753815104166667 0.5064699074074074 0.7051080729166667 0.5064699074074074
2 0.7908151041666667 0.3608912037037037 0.8862317708333333 0.3608912037037037 0.8862317708333333 0.41930324074074077 0.7908151041666667 0.41930324074074077
2 0.8985755208333334 0.3873148148148148 0.9743567708333334 0.3873148148148148 0.9743567708333334 0.44454629629629633 0.8985755208333334 0.44454629629629633
2 0.9694895833333333 0.4097662037037037 1 0.4097662037037037 1 0.661798611111111 0.9694895833333333 0.661798611111111
3 0.6430872395833334 0.5807407407407408 0.7511783854166666 0.5807407407407408 0.7511783854166666 0.7296111111111111 0.6430872395833334 0.7296111111111111
3 0.4406822916666666 0.4589652777777778 0.5144479166666667 0.4589652777777778 0.5144479166666667 0.5659699074074075 0.4406822916666666 0.5659699074074075
3 0.5218216145833333 0.5361736111111111 0.6314908854166668 0.5361736111111111 0.6314908854166668 0.6513356481481481 0.5218216145833333 0.6513356481481481
3 0.5277018229166666 0.5022847222222223 0.6743346354166666 0.5022847222222223 0.6743346354166666 0.5561967592592593 0.5277018229166666 0.5561967592592593