3 0.50625 0.44402985074626866 0.3546875 0.44402985074626866 0.3546875 0.5904850746268657 0.50625 0.5904850746268657
1 0.9375 0.20335820895522388 0.8338541666666667 0.20335820895522388 0.8338541666666667 0.5951492537313433 0.9375 0.5951492537313433
1 0.36000000000000004 0.17201958955223878 0.525 0.17201958955223878 0.525 0.3617117537313433 0.36000000000000004 0.3617117537313433
3 0.2916666666666667 0.33805503731343284 0.48541666666666666 0.33805503731343284 0.48541666666666666 0.5244449626865672 0.2916666666666667 0.5244449626865672
1 0.44833333333333336 0.2764972014925373 0.8020833333333334 0.2764972014925373 0.8020833333333334 0.6588199626865672 0.44833333333333336 0.6588199626865672
1 0.14416666666666664 0.431338619402985 0.675 0.431338619402985 0.675 0.9962360074626865 0.14416666666666664 0.9962360074626865
3 0.228125 0.5619356343283582 0.37083333333333335 0.5619356343283582 0.37083333333333335 0.6991277985074626 0.228125 0.6991277985074626
3 0.08958333333333333 0.6720149253731345 0.36916666666666664 0.6720149253731345 0.36916666666666664 1 0.08958333333333333 1
3 0.11083333333333333 0.5750046641791045 0.21458333333333332 0.5750046641791045 0.21458333333333332 0.7200326492537313 0.11083333333333333 0.7200326492537313
3 0 0.8660447761194031 0.053125 0.8660447761194031 0.053125 1 0 1
3 0 0.7914179104477612 0.026041666666666668 0.7914179104477612 0.026041666666666668 0.861865671641791 0 0.861865671641791
3 0.5666666666666667 0.33619402985074626 0.6010416666666667 0.33619402985074626 0.6010416666666667 0.37962686567164183 0.5666666666666667 0.37962686567164183