1 0.3921875 0.3140625 0.3921875 0.43125 0.5640625 0.43125 0.5640625 0.3140625
2 0.7974473958333334 0.36608240740740744 0.7974473958333334 0.5442074074074075 0.9083848958333333 0.5442074074074075 0.9083848958333333 0.36608240740740744
3 0.25 0.4734375 0.25 0.615625 0.45 0.615625 0.45 0.4734375
2 0.6787721354166667 0.34060416666666665 0.7407174479166667 0.34060416666666665 0.7407174479166667 0.5207569444444444 0.6787721354166667 0.5207569444444444
2 0.7413333333333333 0.3461666666666667 0.7947291666666666 0.3461666666666667 0.7947291666666666 0.5379444444444444 0.7413333333333333 0.5379444444444444
3 0.2955598958333333 0.5338449074074074 0.45434114583333335 0.5338449074074074 0.45434114583333335 0.723951388888889 0.2955598958333333 0.723951388888889
3 0.30522265625 0.6408912037037037 0.6287252604166668 0.6408912037037037 0.6287252604166668 0.9158125 0.30522265625 0.9158125
3 0.6381106770833334 0.5745486111111111 0.7441289062499999 0.5745486111111111 0.7441289062499999 0.7348587962962964 0.6381106770833334 0.7348587962962964
3 0.51537890625 0.5430810185185184 0.61357421875 0.5430810185185184 0.61357421875 0.6347523148148149 0.51537890625 0.6347523148148149
3 0.46591406249999995 0.4896041666666667 0.5319296875 0.4896041666666667 0.5319296875 0.593275462962963 0.46591406249999995 0.593275462962963
3 0.4458580729166667 0.4634629629629629 0.48624609375000005 0.4634629629629629 0.48624609375000005 0.524148148148148 0.4458580729166667 0.524148148148148