3 0.7638020833333333 0.7342592592592593 0.4825520833333333 0.7342592592592593 0.4825520833333333 0.9981481481481481 0.7638020833333333 0.9981481481481481
2 0.7622395833333333 0.3296296296296296 0.6625 0.3296296296296296 0.6625 0.49027777777777776 0.7622395833333333 0.49027777777777776
2 0.8872395833333333 0.3560185185185185 0.7888020833333333 0.3560185185185185 0.7888020833333333 0.5449074074074074 0.8872395833333333 0.5449074074074074
3 0.27920572916666664 0.4833518518518518 0.42630989583333334 0.4833518518518518 0.42630989583333334 0.5941203703703705 0.27920572916666664 0.5941203703703705
3 0.2996979166666666 0.5110000000000001 0.476625 0.5110000000000001 0.476625 0.6683055555555555 0.2996979166666666 0.6683055555555555
3 0.32311588541666664 0.5565416666666666 0.5543841145833334 0.5565416666666666 0.5543841145833334 0.7476990740740741 0.32311588541666664 0.7476990740740741
3 0.3677591145833333 0.645988425925926 0.6202513020833333 0.645988425925926 0.6202513020833333 0.8713356481481481 0.3677591145833333 0.8713356481481481
3 0.6198072916666667 0.5897083333333333 0.7474531249999999 0.5897083333333333 0.7474531249999999 0.7415694444444444 0.6198072916666667 0.7415694444444444
3 0.47599609375 0.49568518518518523 0.5606184895833334 0.49568518518518523 0.5606184895833334 0.5691018518518518 0.47599609375 0.5691018518518518
3 0.5419609375000001 0.5379444444444444 0.6181432291666666 0.5379444444444444 0.6181432291666666 0.6265925925925926 0.5419609375000001 0.6265925925925926
3 0.4284557291666667 0.4713888888888889 0.49168489583333336 0.4713888888888889 0.49168489583333336 0.5209166666666667 0.4284557291666667 0.5209166666666667
0 0.01953125 0.42824074074074076 0.171875 0.42824074074074076 0.171875 0.7002314814814815 0.01953125 0.7002314814814815