3 0.309375 0.621875 0.309375 0.846875 0.6546875 0.846875 0.6546875 0.621875
3 0.2875 0.559375 0.2875 0.709375 0.475 0.709375 0.475 0.559375
3 0.5375 0.540625 0.5375 0.63125 0.6640625 0.63125 0.6640625 0.540625
2 0.8671875 0.3734375 0.8671875 0.59375 0.9578125 0.59375 0.9578125 0.3734375
1 0.1828125 0.4203125 0.1828125 0.5671875 0.4078125 0.5671875 0.4078125 0.4203125
1 0.3342265625 0.33187962962962964 0.41105989583333336 0.33187962962962964 0.41105989583333336 0.41685185185185186 0.3342265625 0.41685185185185186
1 0.4645768229166667 0.33662962962962967 0.6005950520833333 0.33662962962962967 0.6005950520833333 0.4678333333333333 0.4645768229166667 0.4678333333333333
1 0.6062890625 0.3544583333333333 0.6992473958333334 0.3544583333333333 0.6992473958333334 0.4946249999999999 0.6062890625 0.4946249999999999
1 0.41577994791666667 0.3330648148148148 0.4684075520833334 0.3330648148148148 0.4684075520833334 0.4280833333333333 0.41577994791666667 0.4280833333333333
3 0.6390416666666667 0.5647986111111111 0.7551354166666667 0.5647986111111111 0.7551354166666667 0.7420162037037037 0.6390416666666667 0.7420162037037037
3 0.43316015625 0.45309027777777783 0.4795846354166667 0.45309027777777783 0.4795846354166667 0.516474537037037 0.43316015625 0.516474537037037
3 0.46925520833333334 0.464974537037037 0.5204062500000001 0.464974537037037 0.5204062500000001 0.5830162037037037 0.46925520833333334 0.5830162037037037