1 0.9651041666666667 0.21735074626865672 0.84375 0.21735074626865672 0.84375 0.6343283582089553 0.9651041666666667 0.6343283582089553
3 0.5197916666666667 0.44029850746268656 0.353125 0.44029850746268656 0.353125 0.5811567164179104 0.5197916666666667 0.5811567164179104
1 0.8057291666666667 0.2733208955223881 0.3984375 0.2733208955223881 0.3984375 0.6968283582089553 0.8057291666666667 0.6968283582089553
1 0.36833333333333335 0.17388059701492536 0.5291666666666667 0.17388059701492536 0.5291666666666667 0.3751492537313433 0.36833333333333335 0.3751492537313433
3 0.5385416666666667 0.32126399253731347 0.5950000000000001 0.32126399253731347 0.5950000000000001 0.4035121268656716 0.5385416666666667 0.4035121268656716
3 0.23750000000000002 0.5600746268656717 0.5158333333333334 0.5600746268656717 0.5158333333333334 0.9663805970149254 0.23750000000000002 0.9663805970149254
3 0.09895833333333333 0.6794776119402985 0.3858333333333333 0.6794776119402985 0.3858333333333333 1 0.09895833333333333 1
3 0.08249999999999999 0.5899207089552239 0.20625 0.5899207089552239 0.20625 0.7618330223880596 0.08249999999999999 0.7618330223880596
3 0 0.8679104477611941 0.05 0.8679104477611941 0.05 1 0 1
3 0 0.8026119402985075 0.028125 0.8026119402985075 0.028125 0.8738059701492537 0 0.8738059701492537
1 0.3308333333333333 0.34365671641791046 0.7635416666666667 0.34365671641791046 0.7635416666666667 1 0.3308333333333333 1
3 0.2924999999999999 0.38842817164179105 0.4427083333333333 0.38842817164179105 0.4427083333333333 0.5214598880597014 0.2924999999999999 0.5214598880597014