1 0.2125 0.3515625 0.2125 0.4109375 0.2234375 0.4109375 0.225 0.4125 0.246875 0.4125 0.2484375 0.4140625 0.3828125 0.4140625 0.3828125 0.3515625
1 0.49375 0.3328125 0.49375 0.4328125 0.5953125 0.4328125 0.5953125 0.3328125
1 0.7796875 0.4234375 0.7796875 0.7109375 0.9984375 0.7109375 0.9984375 0.4234375
1 0.14636927083333334 0.40059259259259256 0.14636927083333334 0.5959050925925926 0.36199427083333335 0.5959050925925926 0.36199427083333335 0.40059259259259256
2 0.8390625 0.38125 0.8390625 0.4375 0.921875 0.4375 0.921875 0.38125
2 0.8984375 0.39375 0.8984375 0.4484375 0.99375 0.4484375 0.99375 0.39375
3 0.53125 0.5421875 0.53125 0.6390625 0.665625 0.6390625 0.665625 0.5421875
0 0.019574218750000004 0.4525277777777778 0.14379557291666664 0.4525277777777778 0.14379557291666664 0.6931018518518518 0.019574218750000004 0.6931018518518518
3 0.43714453125 0.4571111111111111 0.48189192708333334 0.4571111111111111 0.48189192708333334 0.5328148148148147 0.43714453125 0.5328148148148147
3 0.4819791666666667 0.4820162037037037 0.534859375 0.4820162037037037 0.534859375 0.5642060185185186 0.4819791666666667 0.5642060185185186
3 0.6519817708333334 0.5849745370370371 0.7447005208333334 0.5849745370370371 0.7447005208333334 0.7392939814814815 0.6519817708333334 0.7392939814814815
1 0.6856861979166666 0.34853935185185186 0.8405898437499999 0.34853935185185186 0.8405898437499999 0.5016365740740741 0.6856861979166666 0.5016365740740741