1 0.6778645833333333 0.31712962962962965 0.5625 0.31712962962962965 0.5625 0.4699074074074074 0.6778645833333333 0.4699074074074074
3 0.90625 0.6421296296296296 0.7263020833333333 0.6421296296296296 0.7263020833333333 0.8277777777777777 0.90625 0.8277777777777777
2 0.9421875 0.38564814814814813 0.81875 0.38564814814814813 0.81875 0.5685185185185185 0.9421875 0.5685185185185185
3 0.6841145833333333 0.4777777777777778 0.4671875 0.4777777777777778 0.4671875 0.5810185185185185 0.6841145833333333 0.5810185185185185
3 0.75 0.7606481481481482 0.484375 0.7606481481481482 0.484375 0.9981481481481481 0.75 0.9981481481481481
3 0.75 0.5949074074074074 0.5700520833333333 0.5949074074074074 0.5700520833333333 0.7138888888888889 0.75 0.7138888888888889
3 0.3196145833333333 0.48762037037037037 0.42844270833333337 0.48762037037037037 0.42844270833333337 0.5870925925925926 0.3196145833333333 0.5870925925925926
3 0.31876953125 0.5101620370370371 0.46648046875000004 0.5101620370370371 0.46648046875000004 0.6464675925925927 0.31876953125 0.6464675925925927
3 0.4049869791666667 0.543974537037037 0.5599869791666666 0.543974537037037 0.5599869791666666 0.7268865740740741 0.4049869791666667 0.7268865740740741
3 0.4461171875 0.45504629629629634 0.49058593749999996 0.45504629629629634 0.49058593749999996 0.5338055555555555 0.4461171875 0.5338055555555555
3 0.5381940104166667 0.5438726851851852 0.5987955729166666 0.5438726851851852 0.5987955729166666 0.6490625 0.5381940104166667 0.6490625