3 0.51875 0.44029850746268656 0.3494791666666667 0.44029850746268656 0.3494791666666667 0.5746268656716418 0.51875 0.5746268656716418
1 0.7822916666666667 0.20335820895522388 0.5609375 0.20335820895522388 0.5609375 0.3218283582089552 0.7822916666666667 0.3218283582089552
1 0.7859375 0.2966417910447761 0.5197916666666667 0.2966417910447761 0.5197916666666667 0.6940298507462687 0.7859375 0.6940298507462687
1 0.95625 0.21735074626865672 0.8026041666666667 0.21735074626865672 0.8026041666666667 0.628731343283582 0.95625 0.628731343283582
1 0.36833333333333335 0.16455223880597014 0.5385416666666667 0.16455223880597014 0.5385416666666667 0.3676865671641791 0.36833333333333335 0.3676865671641791
1 0.31666666666666665 0.3697761194029851 0.7291666666666666 0.3697761194029851 0.7291666666666666 1 0.31666666666666665 1
3 0.09270833333333334 0.6757462686567165 0.36166666666666664 0.6757462686567165 0.36166666666666664 1 0.09270833333333334 1
3 0.22916666666666666 0.5712686567164179 0.515 0.5712686567164179 0.515 0.9723507462686566 0.22916666666666666 0.9723507462686566
3 0.08916666666666667 0.5824626865671643 0.2125 0.5824626865671643 0.2125 0.7483955223880597 0.08916666666666667 0.7483955223880597
3 0.2983333333333333 0.36604477611940295 0.4270833333333333 0.36604477611940295 0.4270833333333333 0.5005597014925374 0.2983333333333333 0.5005597014925374
3 0 0.8753731343283583 0.07083333333333333 0.8753731343283583 0.07083333333333333 1 0 1
3 0 0.8212686567164179 0.03333333333333333 0.8212686567164179 0.03333333333333333 0.8738059701492537 0 0.8738059701492537