1 0.4171875 0.34375 0.4171875 0.4609375 0.59375 0.4609375 0.59375 0.34375
1 0.3640625 0.3171875 0.3640625 0.4078125 0.5328125 0.4078125 0.5328125 0.3171875
1 0.2 0.3515625 0.2 0.409375 0.353125 0.409375 0.353125 0.3515625
3 0.603125 0.5875 0.603125 0.7015625 0.7578125 0.7015625 0.7578125 0.5875
1 0.13260026041666667 0.38765277777777774 0.26835807291666663 0.38765277777777774 0.26835807291666663 0.6610416666666666 0.13260026041666667 0.6610416666666666
1 0.20753125000000003 0.4213287037037037 0.417796875 0.4213287037037037 0.417796875 0.7044583333333333 0.20753125000000003 0.7044583333333333
1 0.5222760416666666 0.5240370370370371 0.6166145833333334 0.5240370370370371 0.6166145833333334 0.6668703703703704 0.5222760416666666 0.6668703703703704
1 0.47168880208333336 0.48636574074074085 0.5422382812500001 0.48636574074074085 0.5422382812500001 0.6172731481481482 0.47168880208333336 0.6172731481481482
1 0.4395598958333334 0.45355092592592583 0.49465885416666666 0.45355092592592583 0.49465885416666666 0.5375231481481482 0.4395598958333334 0.5375231481481482
1 0.84830078125 0.42500925925925925 0.9481263020833333 0.42500925925925925 0.9481263020833333 0.7451388888888889 0.84830078125 0.7451388888888889
2 0.8450859375 0.369787037037037 0.9524088541666667 0.369787037037037 0.9524088541666667 0.47847222222222224 0.8450859375 0.47847222222222224