1 0.4265625 0.3484375 0.4265625 0.4640625 0.603125 0.4640625 0.603125 0.3484375
1 0.5706328125 0.3924388888888889 0.5706328125 0.5690013888888888 0.7925078125 0.5690013888888888 0.7925078125 0.3924388888888889
1 0.203125 0.353125 0.203125 0.4140625 0.2140625 0.4140625 0.215625 0.415625 0.2125 0.41875 0.2109375 0.41875 0.209375 0.4203125 0.20625 0.4203125 0.20625 0.421875 0.2078125 0.4234375 0.378125 0.4234375 0.378125 0.353125
3 0.4546875 0.484375 0.4546875 0.590625 0.571875 0.590625 0.571875 0.484375
3 0.6328125 0.5828125 0.6328125 0.725 0.7609375 0.725 0.7609375 0.5828125
1 0.421875 0.3140625 0.421875 0.384375 0.5625 0.384375 0.5625 0.3140625
1 0.7206289062500001 0.37020138888888887 0.97149609375 0.37020138888888887 0.97149609375 0.7291874999999999 0.7206289062500001 0.7291874999999999
1 0.6811080729166666 0.3598032407407407 0.7952721354166667 0.3598032407407407 0.7952721354166667 0.42103009259259255 0.6811080729166666 0.42103009259259255
1 0.20701822916666668 0.42333564814814817 0.4005390625 0.42333564814814817 0.4005390625 0.6464606481481482 0.20701822916666668 0.6464606481481482
1 0.1281002604166667 0.40503472222222225 0.24316015625 0.40503472222222225 0.24316015625 0.6545949074074074 0.1281002604166667 0.6545949074074074
1 0.39471354166666667 0.34414351851851854 0.42775 0.34414351851851854 0.42775 0.4203287037037037 0.39471354166666667 0.4203287037037037