3 0.7200520833333334 0.7824074074074074 0.48880208333333336 0.7824074074074074 0.48880208333333336 0.9981481481481481 0.7200520833333334 0.9981481481481481
3 0.9028645833333333 0.6324074074074074 0.690625 0.6324074074074074 0.690625 0.8324074074074074 0.9028645833333333 0.8324074074074074
1 0.44973958333333336 0.3263888888888889 0.2859375 0.3263888888888889 0.2859375 0.4449074074074074 0.44973958333333336 0.4449074074074074
2 0.6625 0.31527777777777777 0.5859375 0.31527777777777777 0.5859375 0.46064814814814814 0.6625 0.46064814814814814
3 0.5950520833333334 0.44351851851851853 0.43255208333333334 0.44351851851851853 0.43255208333333334 0.5199074074074074 0.5950520833333334 0.5199074074074074
3 0.44425390625 0.5409444444444443 0.5421158854166667 0.5409444444444443 0.5421158854166667 0.7440925925925926 0.44425390625 0.7440925925925926
3 0.3068216145833334 0.5290601851851852 0.4672513020833333 0.5290601851851852 0.4672513020833333 0.6261712962962964 0.3068216145833334 0.6261712962962964
3 0.2923828125 0.47795833333333326 0.42313281249999996 0.47795833333333326 0.42313281249999996 0.6023935185185185 0.2923828125 0.6023935185185185
3 0.48155729166666666 0.4923472222222222 0.5518593749999999 0.4923472222222222 0.5518593749999999 0.5898009259259259 0.48155729166666666 0.5898009259259259
3 0.5313372395833333 0.5573657407407407 0.6404492187499999 0.5573657407407407 0.6404492187499999 0.6801342592592592 0.5313372395833333 0.6801342592592592
3 0.5922942708333333 0.5727222222222222 0.6912473958333334 0.5727222222222222 0.6912473958333334 0.7148240740740741 0.5922942708333333 0.7148240740740741
0 0.037501302083333334 0.46110879629629625 0.19525390625 0.46110879629629625 0.19525390625 0.7796782407407408 0.037501302083333334 0.7796782407407408