1 0.6494791666666667 0.3787313432835821 0.2713541666666667 0.3787313432835821 0.2713541666666667 0.9832089552238806 0.6494791666666667 0.9832089552238806
1 0.8916666666666667 0.15149720149253731 0.9666666666666667 0.15149720149253731 0.9666666666666667 0.4781669776119403 0.8916666666666667 0.4781669776119403
1 0.34750000000000003 0.16641791044776122 0.525 0.16641791044776122 0.525 0.3661940298507463 0.34750000000000003 0.3661940298507463
1 0.5416666666666666 0.12350746268656715 0.7383333333333333 0.12350746268656715 0.7383333333333333 0.2557089552238806 0.5416666666666666 0.2557089552238806
1 0.5104166666666666 0.2559654850746269 0.7974999999999999 0.2559654850746269 0.7974999999999999 0.5871501865671641 0.5104166666666666 0.5871501865671641
3 0.5572916666666666 0.37351212686567165 0.7116666666666667 0.37351212686567165 0.7116666666666667 0.4796595149253732 0.5572916666666666 0.4796595149253732
3 0.41354166666666664 0.41455223880597014 0.6391666666666667 0.41455223880597014 0.6391666666666667 0.6080597014925373 0.41354166666666664 0.6080597014925373
3 0.3358333333333333 0.41082089552238804 0.3875 0.41082089552238804 0.3875 0.4438246268656716 0.3358333333333333 0.4438246268656716
3 0.08020833333333334 0.6701492537313434 0.37916666666666665 0.6701492537313434 0.37916666666666665 1 0.08020833333333334 1
3 0.09083333333333332 0.6029850746268657 0.20833333333333334 0.6029850746268657 0.20833333333333334 0.745410447761194 0.09083333333333332 0.745410447761194
3 0 0.8455223880597016 0.0625 0.8455223880597016 0.0625 1 0 1
3 0 0.7541091417910447 0.041666666666666664 0.7541091417910447 0.041666666666666664 0.8305177238805971 0 0.8305177238805971