3 0.26994140624999996 0.5071226851851852 0.4347721354166667 0.5071226851851852 0.4347721354166667 0.6544513888888889 0.26994140624999996 0.6544513888888889
3 0.2986484375 0.55675 0.5776171875 0.55675 0.5776171875 0.7705185185185186 0.2986484375 0.7705185185185186
3 0.33568749999999997 0.5952384259259259 0.6331770833333333 0.5952384259259259 0.6331770833333333 0.9136041666666667 0.33568749999999997 0.9136041666666667
3 0.62069921875 0.5753842592592593 0.72923828125 0.5753842592592593 0.72923828125 0.7402916666666667 0.62069921875 0.7402916666666667
3 0.4543958333333334 0.4689583333333333 0.5109479166666666 0.4689583333333333 0.5109479166666666 0.5597916666666666 0.4543958333333334 0.5597916666666666
3 0.4417682291666667 0.45646064814814813 0.4603932291666667 0.45646064814814813 0.4603932291666667 0.5188171296296297 0.4417682291666667 0.5188171296296297
1 0.191875 0.36393981481481474 0.37412500000000004 0.36393981481481474 0.37412500000000004 0.5813657407407408 0.191875 0.5813657407407408
1 0.6122643229166667 0.3914837962962963 0.8151106770833334 0.3914837962962963 0.8151106770833334 0.5975532407407408 0.6122643229166667 0.5975532407407408
2 0.8312578125000001 0.3738541666666667 0.9540182291666667 0.3738541666666667 0.9540182291666667 0.6086921296296297 0.8312578125000001 0.6086921296296297
1 0.289515625 0.33715046296296297 0.4624479166666667 0.33715046296296297 0.4624479166666667 0.4055439814814815 0.289515625 0.4055439814814815
3 0.7132760416666667 0.612449074074074 0.9254479166666666 0.612449074074074 0.9254479166666666 0.825513888888889 0.7132760416666667 0.825513888888889
3 0.5136627604166667 0.4774768518518519 0.6104153645833333 0.4774768518518519 0.6104153645833333 0.5838194444444444 0.5136627604166667 0.5838194444444444