2 0.7875 0.371875 0.7875 0.5453125 0.8859375 0.5453125 0.8859375 0.371875
1 0.1421875 0.4015625 0.1421875 0.5875 0.3515625 0.5875 0.3515625 0.4015625
1 0.2015625 0.3484375 0.2015625 0.409375 0.346875 0.409375 0.346875 0.3484375
1 0.428125 0.33125 0.428125 0.44375 0.6328125 0.44375 0.6328125 0.33125
2 0.9622395833333334 0.4149837962962963 1 0.4149837962962963 1 0.6644328703703704 0.9622395833333334 0.6644328703703704
2 0.9140611979166666 0.3964675925925926 0.9600690104166667 0.3964675925925926 0.9600690104166667 0.4658101851851852 0.9140611979166666 0.4658101851851852
1 0.8228072916666667 0.44970601851851855 0.953125 0.44970601851851855 0.953125 0.7990902777777779 0.8228072916666667 0.7990902777777779
3 0.6392356770833333 0.5830601851851851 0.7431966145833333 0.5830601851851851 0.7431966145833333 0.7329398148148148 0.6392356770833333 0.7329398148148148
3 0.5319661458333333 0.5413148148148147 0.6242317708333334 0.5413148148148147 0.6242317708333334 0.6557777777777778 0.5319661458333333 0.6557777777777778
3 0.47416276041666666 0.487525462962963 0.5385403645833333 0.487525462962963 0.5385403645833333 0.5728819444444444 0.47416276041666666 0.5728819444444444
3 0.44526041666666666 0.4586273148148149 0.48666666666666664 0.4586273148148149 0.48666666666666664 0.5431134259259259 0.44526041666666666 0.5431134259259259
0 0.006104166666666666 0.42607870370370377 0.14534895833333336 0.42607870370370377 0.14534895833333336 0.723837962962963 0.006104166666666666 0.723837962962963