1 0.95625 0.22294776119402984 0.85 0.22294776119402984 0.85 0.6343283582089553 0.95625 0.6343283582089553
3 0.51875 0.4412313432835821 0.353125 0.4412313432835821 0.353125 0.585820895522388 0.51875 0.585820895522388
3 0.6057291666666667 0.30970149253731344 0.5375 0.30970149253731344 0.5375 0.41697761194029853 0.6057291666666667 0.41697761194029853
1 0.37083333333333335 0.18134328358208956 0.5291666666666667 0.18134328358208956 0.5291666666666667 0.3647014925373135 0.37083333333333335 0.3647014925373135
1 0.43250000000000005 0.34738805970149256 0.7541666666666667 0.34738805970149256 0.7541666666666667 1 0.43250000000000005 1
1 0.4525 0.2764972014925373 0.815625 0.2764972014925373 0.815625 0.6618050373134329 0.4525 0.6618050373134329
3 0.3016666666666667 0.3921595149253731 0.4270833333333333 0.3921595149253731 0.4270833333333333 0.5169822761194031 0.3016666666666667 0.5169822761194031
3 0.23541666666666664 0.5600746268656717 0.5133333333333333 0.5600746268656717 0.5133333333333333 0.9663805970149254 0.23541666666666664 0.9663805970149254
3 0.10104166666666667 0.6850746268656718 0.38166666666666665 0.6850746268656718 0.38166666666666665 1 0.10104166666666667 1
3 0.08666666666666666 0.6011147388059701 0.20104166666666667 0.6011147388059701 0.20104166666666667 0.7648180970149253 0.08666666666666666 0.7648180970149253
3 0 0.8567164179104478 0.05416666666666667 0.8567164179104478 0.05416666666666667 1 0 1
3 0 0.7914179104477612 0.034375 0.7914179104477612 0.034375 0.8678358208955225 0 0.8678358208955225