3 0.26994140624999996 0.5071226851851852 0.4347721354166667 0.5071226851851852 0.4347721354166667 0.6544513888888889 0.26994140624999996 0.6544513888888889
3 0.2986484375 0.55675 0.5776171875 0.55675 0.5776171875 0.7705185185185186 0.2986484375 0.7705185185185186
3 0.33568749999999997 0.5952384259259259 0.6331770833333333 0.5952384259259259 0.6331770833333333 0.9136041666666667 0.33568749999999997 0.9136041666666667
3 0.62069921875 0.5753842592592593 0.72923828125 0.5753842592592593 0.72923828125 0.7402916666666667 0.62069921875 0.7402916666666667
3 0.4543958333333334 0.4689583333333333 0.5109479166666666 0.4689583333333333 0.5109479166666666 0.5597916666666666 0.4543958333333334 0.5597916666666666
3 0.4417682291666667 0.45646064814814813 0.4603932291666667 0.45646064814814813 0.4603932291666667 0.5188171296296297 0.4417682291666667 0.5188171296296297
1 0.05347916666666667 0.3924768518518518 0.20497395833333334 0.3924768518518518 0.20497395833333334 0.6099027777777777 0.05347916666666667 0.6099027777777777
1 0.4531380208333333 0.31605555555555553 0.5988567708333332 0.31605555555555553 0.5988567708333332 0.43261111111111106 0.4531380208333333 0.43261111111111106
1 0.5170638020833332 0.3804652777777777 0.6635768229166666 0.3804652777777777 0.6635768229166666 0.5865347222222222 0.5170638020833332 0.5865347222222222
2 0.95241015625 0.40645601851851854 1.0000013020833334 0.40645601851851854 1.0000013020833334 0.6747476851851851 0.95241015625 0.6747476851851851
2 0.8424401041666666 0.365837962962963 0.9550598958333333 0.365837962962963 0.9550598958333333 0.6086898148148148 0.8424401041666666 0.6086898148148148
2 0.7846549479166666 0.35381712962962963 0.8560013020833334 0.35381712962962963 0.8560013020833334 0.5410902777777779 0.7846549479166666 0.5410902777777779