1 0.45 0.3515625 0.45 0.4671875 0.63125 0.4671875 0.63125 0.3515625
1 0.2453125 0.3375 0.2453125 0.4140625 0.4203125 0.4140625 0.4203125 0.3375
2 0.8802083333333334 0.3680555555555555 0.9932031249999999 0.3680555555555555 0.9932031249999999 0.5971018518518517 0.8802083333333334 0.5971018518518517
1 0.06605078125 0.45194212962962965 0.24032942708333332 0.45194212962962965 0.24032942708333332 0.7806412037037037 0.06605078125 0.7806412037037037
1 0.050687499999999996 0.4304768518518518 0.15941666666666665 0.4304768518518518 0.15941666666666665 0.5019675925925926 0.050687499999999996 0.5019675925925926
1 0.12531770833333333 0.4100810185185185 0.206515625 0.4100810185185185 0.206515625 0.4707430555555555 0.12531770833333333 0.4707430555555555
1 0.19931901041666664 0.44143055555555555 0.49500390625 0.44143055555555555 0.49500390625 0.8257361111111111 0.19931901041666664 0.8257361111111111
3 0.32381510416666665 0.6323912037037037 0.6592838541666667 0.6323912037037037 0.6592838541666667 0.9719513888888889 0.32381510416666665 0.9719513888888889
3 0.4857005208333333 0.49318055555555557 0.5452005208333333 0.49318055555555557 0.5452005208333333 0.6087731481481481 0.4857005208333333 0.6087731481481481
3 0.53148046875 0.5224768518518518 0.6923059895833333 0.5224768518518518 0.6923059895833333 0.6496064814814814 0.53148046875 0.6496064814814814
3 0.42067317708333335 0.5654699074074074 0.4647591145833333 0.5654699074074074 0.4647591145833333 0.6470763888888889 0.42067317708333335 0.6470763888888889