2 0.8398450520833334 0.38657638888888896 0.92409765625 0.38657638888888896 0.92409765625 0.5920532407407407 0.8398450520833334 0.5920532407407407
2 0.7200520833333334 0.3402777777777778 0.7783125000000001 0.3402777777777778 0.7783125000000001 0.5179907407407407 0.7200520833333334 0.5179907407407407
0 0.033303385416666664 0.4166689814814815 0.21223828125 0.4166689814814815 0.21223828125 0.7048310185185185 0.033303385416666664 0.7048310185185185
3 0.24208854166666663 0.45050000000000007 0.421734375 0.45050000000000007 0.421734375 0.5688425925925926 0.24208854166666663 0.5688425925925926
3 0.25406119791666665 0.5204328703703703 0.49949609375000004 0.5204328703703703 0.49949609375000004 0.6457152777777778 0.25406119791666665 0.6457152777777778
3 0.2959622395833333 0.5741041666666666 0.49675130208333335 0.5741041666666666 0.49675130208333335 0.7888125 0.2959622395833333 0.7888125
3 0.3485052083333333 0.6017523148148147 0.6239114583333333 0.6017523148148147 0.6239114583333333 0.9177199074074075 0.3485052083333333 0.9177199074074075
3 0.6852057291666667 0.6456643518518519 0.9091848958333333 0.6456643518518519 0.9091848958333333 0.8242893518518518 0.6852057291666667 0.8242893518518518
3 0.6175078125 0.596875 0.7123151041666668 0.596875 0.7123151041666668 0.7391435185185186 0.6175078125 0.7391435185185186
3 0.44413671875000005 0.4433518518518519 0.50647265625 0.4433518518518519 0.50647265625 0.5163240740740741 0.44413671875000005 0.5163240740740741
3 0.4756302083333333 0.48562962962962963 0.5840416666666666 0.48562962962962963 0.5840416666666666 0.6135370370370369 0.4756302083333333 0.6135370370370369