1 0.7171875 0.3763888888888889 0.55 0.3763888888888889 0.55 0.5217592592592593 0.7171875 0.5217592592592593
3 0.7546875 0.5949074074074074 0.5747395833333333 0.5949074074074074 0.5747395833333333 0.7106481481481481 0.7546875 0.7106481481481481
3 0.90625 0.6421296296296296 0.725 0.6421296296296296 0.725 0.8263888888888888 0.90625 0.8263888888888888
3 0.5747395833333333 0.44212962962962965 0.44036458333333334 0.44212962962962965 0.44036458333333334 0.5231481481481481 0.5747395833333333 0.5231481481481481
3 0.71875 0.7921296296296296 0.4859375 0.7921296296296296 0.4859375 0.9981481481481481 0.71875 0.9981481481481481
2 0.8422109375000001 0.38954166666666673 0.9301067708333333 0.38954166666666673 0.9301067708333333 0.5701527777777777 0.8422109375000001 0.5701527777777777
1 0.7444622395833332 0.3520023148148148 0.8500325520833333 0.3520023148148148 0.8500325520833333 0.492275462962963 0.7444622395833332 0.492275462962963
1 0.5691380208333333 0.3214189814814815 0.6779921874999999 0.3214189814814815 0.6779921874999999 0.4110625 0.5691380208333333 0.4110625
3 0.2801106770833333 0.47295138888888894 0.4199309895833333 0.47295138888888894 0.4199309895833333 0.584613425925926 0.2801106770833333 0.584613425925926
3 0.31514453124999997 0.541074074074074 0.47467317708333334 0.541074074074074 0.47467317708333334 0.6558148148148149 0.31514453124999997 0.6558148148148149
3 0.37770442708333335 0.573048611111111 0.5434882812499999 0.573048611111111 0.5434882812499999 0.7492662037037037 0.37770442708333335 0.7492662037037037
3 0.5424440104166667 0.5512199074074075 0.5959830729166667 0.5512199074074075 0.5959830729166667 0.6333263888888888 0.5424440104166667 0.6333263888888888