2 0.7875 0.3578125 0.7875 0.5328125 0.878125 0.5328125 0.878125 0.3578125
1 0.1984375 0.35 0.1984375 0.4171875 0.2 0.415625 0.203125 0.415625 0.2046875 0.4140625 0.20625 0.4140625 0.2078125 0.4125 0.2203125 0.4125 0.221875 0.4140625 0.2265625 0.4140625 0.2296875 0.4171875 0.3859375 0.4171875 0.3859375 0.35
1 0.1359375 0.4046875 0.1359375 0.6046875 0.340625 0.6046875 0.340625 0.4046875
1 0.5328125 0.325 0.5328125 0.4578125 0.6765625 0.4578125 0.6765625 0.325
3 0.5328125 0.5484375 0.5328125 0.6453125 0.6640625 0.6453125 0.6640625 0.5484375
2 0.8799661458333333 0.37196990740740743 0.9454505208333334 0.37196990740740743 0.9454505208333334 0.6101875000000001 0.8799661458333333 0.6101875000000001
2 0.9417760416666667 0.39365972222222223 1 0.39365972222222223 1 0.6459328703703703 0.9417760416666667 0.6459328703703703
1 0.13410156250000002 0.40772453703703704 0.20527864583333333 0.40772453703703704 0.20527864583333333 0.4663773148148148 0.13410156250000002 0.4663773148148148
3 0.43886328125 0.44153009259259257 0.5190377604166667 0.44153009259259257 0.5190377604166667 0.5716828703703704 0.43886328125 0.5716828703703704
3 0.67067578125 0.5972291666666666 0.7494856770833334 0.5972291666666666 0.7494856770833334 0.7546319444444445 0.67067578125 0.7546319444444445
3 0.7721757812500001 0.6291527777777778 0.9050169270833333 0.6291527777777778 0.9050169270833333 0.8262916666666668 0.7721757812500001 0.8262916666666668
3 0.51223828125 0.5035439814814815 0.6725065104166668 0.5035439814814815 0.6725065104166668 0.5604560185185185 0.51223828125 0.5604560185185185