1 0.8291666666666667 0.24477145522388058 0.9633333333333333 0.24477145522388058 0.9633333333333333 0.6931576492537314 0.8291666666666667 0.6931576492537314
1 0.5166666666666666 0.2186613805970149 0.7891666666666666 0.2186613805970149 0.7891666666666666 0.5678684701492537 0.5166666666666666 0.5678684701492537
1 0.23333333333333334 0.47052238805970154 0.6833333333333333 0.47052238805970154 0.6833333333333333 1 0.23333333333333334 1
1 0.10833333333333334 0.6029850746268658 0.4275 0.6029850746268658 0.4275 1 0.10833333333333334 1
1 0.205 0.24664645522388062 0.365625 0.24664645522388062 0.365625 0.47837220149253734 0.205 0.47837220149253734
1 0.07083333333333333 0.3492490671641791 0.2675 0.3492490671641791 0.2675 0.5783069029850747 0.07083333333333333 0.5783069029850747
1 0.425 0.1776166044776119 0.52 0.1776166044776119 0.52 0.3605363805970149 0.425 0.3605363805970149
2 0.171875 0.2970149253731343 0.23500000000000001 0.2970149253731343 0.23500000000000001 0.4992537313432836 0.171875 0.4992537313432836
3 0.340625 0.3492537313432836 0.4775 0.3492537313432836 0.4775 0.476884328358209 0.340625 0.476884328358209
3 0.55 0.3697761194029851 0.7266666666666666 0.3697761194029851 0.7266666666666666 0.5365485074626867 0.55 0.5365485074626867
3 0.18020833333333333 0.48171641791044784 0.29416666666666663 0.48171641791044784 0.29416666666666663 0.6767537313432836 0.18020833333333333 0.6767537313432836