3 0.5177083333333333 0.32313432835820893 0.7141666666666666 0.32313432835820893 0.7141666666666666 0.4664365671641791 0.5177083333333333 0.4664365671641791
3 0.45208333333333334 0.3847014925373134 0.6883333333333332 0.3847014925373134 0.6883333333333332 0.5529477611940299 0.45208333333333334 0.5529477611940299
3 0.39166666666666666 0.4425326492537313 0.625 0.4425326492537313 0.625 0.6633255597014925 0.39166666666666666 0.6633255597014925
3 0.3177083333333333 0.36231343283582085 0.44333333333333336 0.36231343283582085 0.44333333333333336 0.49776119402985075 0.3177083333333333 0.49776119402985075
2 0.16875 0.2914179104477612 0.27749999999999997 0.2914179104477612 0.27749999999999997 0.4649440298507463 0.16875 0.4649440298507463
2 0.259375 0.25596548507462685 0.3375 0.25596548507462685 0.3375 0.39632929104477616 0.259375 0.39632929104477616
2 0.30520833333333336 0.22238339552238806 0.3775 0.22238339552238806 0.3775 0.397821828358209 0.30520833333333336 0.397821828358209
1 0.275 0.48171641791044784 0.5183333333333333 0.48171641791044784 0.5183333333333333 0.9795522388059701 0.275 0.9795522388059701
3 0.1125 0.5843236940298507 0.22583333333333336 0.5843236940298507 0.22583333333333336 0.752821828358209 0.1125 0.752821828358209
3 0.14166666666666666 0.7764925373134329 0.365 0.7764925373134329 0.365 1 0.14166666666666666 1
2 0 0.4593283582089552 0.058333333333333334 0.4593283582089552 0.058333333333333334 0.7065858208955224 0 0.7065858208955224