0 0.7135416666666666 0.3175326492537313 0.995 0.3175326492537313 0.995 0.7274673507462687 0.7135416666666666 0.7274673507462687
3 0.4083333333333333 0.44066697761194035 0.6475000000000001 0.44066697761194035 0.6475000000000001 0.669295708955224 0.4083333333333333 0.669295708955224
3 0.46145833333333336 0.33992537313432836 0.7041666666666667 0.33992537313432836 0.7041666666666667 0.560410447761194 0.46145833333333336 0.560410447761194
3 0.1125 0.6048507462686566 0.24166666666666667 0.6048507462686566 0.24166666666666667 0.7737126865671642 0.1125 0.7737126865671642
3 0 0.6944029850746269 0.13166666666666668 0.6944029850746269 0.13166666666666668 0.8274067164179104 0 0.8274067164179104
3 0.28020833333333334 0.3865718283582089 0.3883333333333333 0.3865718283582089 0.3883333333333333 0.5693610074626866 0.28020833333333334 0.5693610074626866
3 0.36666666666666664 0.35112406716417915 0.44500000000000006 0.35112406716417915 0.44500000000000006 0.5141744402985076 0.36666666666666664 0.5141744402985076
1 0.425 0.15708488805970147 0.5866666666666667 0.15708488805970147 0.5866666666666667 0.36798973880597013 0.425 0.36798973880597013
1 0.12604166666666666 0.3958955223880597 0.25666666666666665 0.3958955223880597 0.25666666666666665 0.626044776119403 0.12604166666666666 0.626044776119403
2 0.16875 0.30260727611940297 0.26999999999999996 0.30260727611940297 0.26999999999999996 0.4559934701492538 0.16875 0.4559934701492538
2 0.2708333333333333 0.2335867537313433 0.37833333333333335 0.2335867537313433 0.37833333333333335 0.3650139925373134 0.2708333333333333 0.3650139925373134