3 0.4041666666666667 0.44440764925373133 0.6333333333333333 0.44440764925373133 0.6333333333333333 0.6871968283582089 0.4041666666666667 0.6871968283582089
3 0.17083333333333334 0.47238339552238806 0.3025 0.47238339552238806 0.3025 0.6409561567164179 0.17083333333333334 0.6409561567164179
3 0.3260416666666667 0.37723414179104475 0.44333333333333336 0.37723414179104475 0.44333333333333336 0.5171501865671642 0.3260416666666667 0.5171501865671642
1 0.11145833333333331 0.34738339552238806 0.30666666666666664 0.34738339552238806 0.30666666666666664 0.5454897388059702 0.11145833333333331 0.5454897388059702
1 0.18645833333333334 0.2764972014925373 0.385 0.2764972014925373 0.385 0.4545102611940299 0.18645833333333334 0.4545102611940299
1 0.6216666666666666 0.23544776119402983 0.8447916666666667 0.23544776119402983 0.8447916666666667 0.6528917910447761 0.6216666666666666 0.6528917910447761
1 0.4183333333333333 0.6160447761194031 0.9208333333333333 0.6160447761194031 0.9208333333333333 1 0.4183333333333333 1
1 0.12083333333333333 0.5787313432835822 0.43333333333333335 0.5787313432835822 0.43333333333333335 1 0.12083333333333333 1
1 0.5083333333333333 0.2093283582089552 0.7224999999999999 0.2093283582089552 0.7224999999999999 0.5611007462686567 0.5083333333333333 0.5611007462686567
1 0.40729166666666666 0.17201026119402985 0.5675 0.17201026119402985 0.5675 0.3090158582089552 0.40729166666666666 0.3090158582089552
0 0.6191666666666668 0.3082042910447762 0.9958333333333333 0.3082042910447762 0.9958333333333333 0.7192024253731344 0.6191666666666668 0.7192024253731344