3 0.0979166666666667 0.7597014925373136 0.4366666666666667 0.7597014925373136 0.4366666666666667 1 0.0979166666666667 1
3 0.39062500000000006 0.41455223880597014 0.6775000000000001 0.41455223880597014 0.6775000000000001 0.7065858208955224 0.39062500000000006 0.7065858208955224
3 0.45 0.33992070895522386 0.7200000000000001 0.33992070895522386 0.7200000000000001 0.5812919776119403 0.45 0.5812919776119403
3 0.5572916666666666 0.29141791044776116 0.7733333333333334 0.29141791044776116 0.7733333333333334 0.49776119402985075 0.5572916666666666 0.49776119402985075
3 0.12395833333333335 0.6179151119402986 0.24750000000000003 0.6179151119402986 0.24750000000000003 0.7483535447761194 0.12395833333333335 0.7483535447761194
3 0 0.6757462686567164 0.1675 0.6757462686567164 0.1675 0.8512686567164179 0 0.8512686567164179
3 0 0.785820895522388 0.06416666666666666 0.785820895522388 0.06416666666666666 0.9154104477611941 0 0.9154104477611941
3 0.20625 0.45186567164179103 0.40166666666666667 0.45186567164179103 0.40166666666666667 0.6200746268656716 0.20625 0.6200746268656716
2 0.17395833333333333 0.31567630597014923 0.24666666666666667 0.31567630597014923 0.24666666666666667 0.453017723880597 0.17395833333333333 0.453017723880597
2 0.23541666666666664 0.25597014925373135 0.3216666666666666 0.25597014925373135 0.3216666666666666 0.43958955223880597 0.23541666666666664 0.43958955223880597
2 0.32083333333333336 0.2056016791044776 0.385 0.2056016791044776 0.385 0.30534981343283585 0.32083333333333336 0.30534981343283585
1 0.25 0.2727565298507463 0.44583333333333336 0.2727565298507463 0.44583333333333336 0.4619636194029851 0.25 0.4619636194029851