2 0.14166666666666666 0.30261194029850746 0.23666666666666666 0.30261194029850746 0.23666666666666666 0.5067164179104479 0.14166666666666666 0.5067164179104479
1 0.11666666666666667 0.3641744402985075 0.33666666666666667 0.3641744402985075 0.33666666666666667 0.6096315298507463 0.11666666666666667 0.6096315298507463
1 0.20916666666666667 0.2876819029850746 0.321875 0.2876819029850746 0.321875 0.4559934701492538 0.20916666666666667 0.4559934701492538
1 0.5697916666666667 0.20000466417910445 0.7941666666666668 0.20000466417910445 0.7941666666666668 0.509696828358209 0.5697916666666667 0.509696828358209
1 0.6866666666666668 0.2783582089552239 0.8791666666666667 0.2783582089552239 0.8791666666666667 0.8020522388059701 0.6866666666666668 0.8020522388059701
3 0.4739583333333333 0.34888526119402985 0.6925 0.34888526119402985 0.6925 0.5723460820895522 0.4739583333333333 0.5723460820895522
3 0.40208333333333335 0.4332089552238806 0.6139583333333333 0.4332089552238806 0.6139583333333333 0.672276119402985 0.40208333333333335 0.672276119402985
3 0.25104166666666666 0.6179057835820896 0.5322916666666667 0.6179057835820896 0.5322916666666667 0.9601539179104478 0.25104166666666666 0.9601539179104478
3 0.06979166666666667 0.7876865671641792 0.3797916666666667 0.7876865671641792 0.3797916666666667 1 0.06979166666666667 1
3 0.06979166666666665 0.5764925373134329 0.268125 0.5764925373134329 0.268125 0.719160447761194 0.06979166666666665 0.719160447761194
3 0.003125 0.6567210820895523 0.13062500000000002 0.6567210820895523 0.13062500000000002 0.817607276119403 0.003125 0.817607276119403