0 0.7625 0.2727658582089552 0.9924999999999999 0.2727658582089552 0.9924999999999999 0.6603498134328358 0.7625 0.6603498134328358
3 0.5354166666666667 0.3119356343283582 0.7224999999999999 0.3119356343283582 0.7224999999999999 0.49030317164179105 0.5354166666666667 0.49030317164179105
3 0.4958333333333333 0.38097014925373135 0.6766666666666665 0.38097014925373135 0.6766666666666665 0.5559328358208956 0.4958333333333333 0.5559328358208956
3 0.4270833333333333 0.45559701492537313 0.6033333333333334 0.45559701492537313 0.6033333333333334 0.6827238805970149 0.4270833333333333 0.6827238805970149
3 0.3125 0.3473880597014925 0.4691666666666666 0.3473880597014925 0.4691666666666666 0.505223880597015 0.3125 0.505223880597015
2 0.22916666666666666 0.2764925373134329 0.3108333333333333 0.2764925373134329 0.3108333333333333 0.4366044776119403 0.22916666666666666 0.4366044776119403
2 0.13541666666666666 0.32686567164179103 0.23333333333333334 0.32686567164179103 0.23333333333333334 0.5246082089552239 0.13541666666666666 0.5246082089552239
2 0.058333333333333334 0.3772434701492537 0.12666666666666665 0.3772434701492537 0.12666666666666665 0.5738386194029851 0.058333333333333334 0.5738386194029851
1 0.07916666666666666 0.6085820895522389 0.43833333333333335 0.6085820895522389 0.43833333333333335 1 0.07916666666666666 1
3 0.24999999999999997 0.575 0.37166666666666665 0.575 0.37166666666666665 0.9198880597014926 0.24999999999999997 0.9198880597014926
3 0 0.7354477611940299 0.05 0.7354477611940299 0.05 1 0 1