1 0.6354166666666666 0.16082089552238804 0.83 0.16082089552238804 0.83 0.47539179104477614 0.6354166666666666 0.47539179104477614
1 0.49166666666666664 0.22611940298507466 0.8008333333333333 0.22611940298507466 0.8008333333333333 0.6155970149253732 0.49166666666666664 0.6155970149253732
1 0.221875 0.47052238805970154 0.65 0.47052238805970154 0.65 1 0.221875 1
1 0.057291666666666664 0.5488805970149254 0.4675 0.5488805970149254 0.4675 1 0.057291666666666664 1
1 0.08854166666666667 0.3511147388059701 0.2916666666666667 0.3511147388059701 0.2916666666666667 0.6976352611940299 0.08854166666666667 0.6976352611940299
1 0.19416666666666665 0.25783582089552237 0.3302083333333333 0.25783582089552237 0.3302083333333333 0.4694216417910448 0.19416666666666665 0.4694216417910448
1 0.40625 0.17014925373134326 0.5083333333333333 0.17014925373134326 0.5083333333333333 0.3814179104477612 0.40625 0.3814179104477612
2 0.1625 0.26530317164179107 0.25666666666666665 0.26530317164179107 0.25666666666666665 0.4515251865671642 0.1625 0.4515251865671642
3 0.32083333333333336 0.3417910447761194 0.4491666666666667 0.3417910447761194 0.4491666666666667 0.5320708955223881 0.32083333333333336 0.5320708955223881
3 0.575 0.36978078358208955 0.7241666666666667 0.36978078358208955 0.7241666666666667 0.5678684701492537 0.575 0.5678684701492537
3 0.17916666666666667 0.4798460820895522 0.33249999999999996 0.4798460820895522 0.33249999999999996 0.6648180970149253 0.17916666666666667 0.6648180970149253