2 0.058333333333333334 0.37723414179104475 0.14166666666666666 0.37723414179104475 0.14166666666666666 0.5768143656716418 0.058333333333333334 0.5768143656716418
2 0.12833333333333333 0.3656716417910448 0.1925 0.3656716417910448 0.1925 0.5350559701492538 0.12833333333333333 0.5350559701492538
1 0.5366666666666667 0.3921641791044776 0.865625 0.3921641791044776 0.865625 0.8259141791044776 0.5366666666666667 0.8259141791044776
3 0.46979166666666666 0.35485541044776114 0.6291666666666667 0.35485541044776114 0.6291666666666667 0.5395289179104478 0.46979166666666666 0.5395289179104478
3 0.4114583333333333 0.42388059701492536 0.5966666666666666 0.42388059701492536 0.5966666666666666 0.7006156716417911 0.4114583333333333 0.7006156716417911
3 0.2364583333333333 0.5824626865671642 0.48416666666666663 0.5824626865671642 0.48416666666666663 0.9497201492537314 0.2364583333333333 0.9497201492537314
3 0.12395833333333334 0.698134328358209 0.37083333333333335 0.698134328358209 0.37083333333333335 1 0.12395833333333334 1
3 0.303125 0.38656250000000003 0.42916666666666664 0.38656250000000003 0.42916666666666664 0.5499673507462687 0.303125 0.5499673507462687
3 0.18958333333333333 0.5041044776119403 0.3233333333333333 0.5041044776119403 0.3233333333333333 0.6528917910447761 0.18958333333333333 0.6528917910447761
3 0.1 0.5656716417910448 0.24916666666666665 0.5656716417910448 0.24916666666666665 0.7632649253731343 0.1 0.7632649253731343
3 0 0.7839552238805971 0.05083333333333333 0.7839552238805971 0.05083333333333333 0.8840858208955223 0 0.8840858208955223
3 0.004166666666666667 0.8884328358208956 0.0575 0.8884328358208956 0.0575 1 0.004166666666666667 1