2 0.13541666666666666 0.2970149253731343 0.24250000000000002 0.2970149253731343 0.24250000000000002 0.505223880597015 0.13541666666666666 0.505223880597015
1 0.3458333333333333 0.16454757462686567 0.5183333333333333 0.16454757462686567 0.5183333333333333 0.397821828358209 0.3458333333333333 0.397821828358209
1 0.20083333333333334 0.27836287313432834 0.31666666666666665 0.27836287313432834 0.31666666666666665 0.5126819029850747 0.20083333333333334 0.5126819029850747
1 0.10729166666666669 0.3623134328358209 0.29333333333333333 0.3623134328358209 0.29333333333333333 0.5872574626865671 0.10729166666666669 0.5872574626865671
3 0.4697916666666666 0.3455270522388059 0.6891666666666666 0.3455270522388059 0.6891666666666666 0.5678684701492537 0.4697916666666666 0.5678684701492537
3 0.39895833333333336 0.4369449626865672 0.6141666666666666 0.4369449626865672 0.6141666666666666 0.6886893656716419 0.39895833333333336 0.6886893656716419
3 0.2458333333333333 0.5992537313432836 0.49249999999999994 0.5992537313432836 0.49249999999999994 0.9452425373134328 0.2458333333333333 0.9452425373134328
3 0.13125 0.7261194029850747 0.38416666666666666 0.7261194029850747 0.38416666666666666 1 0.13125 1
3 0 0.6621595149253732 0.14666666666666667 0.6621595149253732 0.14666666666666667 0.825508395522388 0 0.825508395522388
3 0.09166666666666665 0.5856763059701493 0.2525 0.5856763059701493 0.2525 0.759883395522388 0.09166666666666665 0.759883395522388
1 0 0.766641791044776 0.14666666666666667 0.766641791044776 0.14666666666666667 1 0 1