1 0.8416666666666667 0.20559235074626867 1 0.20559235074626867 1 0.6066464552238806 0.8416666666666667 0.6066464552238806
1 0.4733333333333334 0.21305970149253728 0.740625 0.21305970149253728 0.740625 0.503731343283582 0.4733333333333334 0.503731343283582
1 0.28541666666666665 0.4518656716417911 0.5558333333333334 0.4518656716417911 0.5558333333333334 1 0.28541666666666665 1
1 0.09791666666666665 0.3567210820895523 0.3108333333333333 0.3567210820895523 0.3108333333333333 0.6021781716417911 0.09791666666666665 0.6021781716417911
3 0.11145833333333335 0.6720149253731345 0.36833333333333335 0.6720149253731345 0.36833333333333335 1 0.11145833333333335 1
3 0.43541666666666673 0.4705223880597015 0.6441666666666668 0.4705223880597015 0.6441666666666668 0.7195149253731343 0.43541666666666673 0.7195149253731343
3 0.2 0.4966417910447762 0.2808333333333334 0.4966417910447762 0.2808333333333334 0.6522761194029851 0.2 0.6522761194029851
3 0.35833333333333334 0.3455270522388059 0.4716666666666666 0.3455270522388059 0.4716666666666666 0.507588619402985 0.35833333333333334 0.507588619402985
1 0.36041666666666666 0.18133861940298512 0.4691666666666666 0.18133861940298512 0.4691666666666666 0.34052705223880597 0.36041666666666666 0.34052705223880597
2 0.17708333333333334 0.2671641791044776 0.295 0.2671641791044776 0.295 0.4434514925373134 0.17708333333333334 0.4434514925373134
3 0.5489583333333333 0.3716371268656717 0.7216666666666666 0.3716371268656717 0.7216666666666666 0.5252472014925373 0.5489583333333333 0.5252472014925373