1 0.8541666666666666 0.18880130597014927 0.9808333333333332 0.18880130597014927 0.9808333333333332 0.6066464552238806 0.8541666666666666 0.6066464552238806
1 0.25416666666666665 0.46492070895522386 0.5591666666666666 0.46492070895522386 0.5591666666666666 0.9914785447761194 0.25416666666666665 0.9914785447761194
1 0.3875 0.16082555970149254 0.5299999999999999 0.16082555970149254 0.5299999999999999 0.3336893656716418 0.3875 0.3336893656716418
2 0.225 0.27836287313432834 0.27416666666666667 0.27836287313432834 0.27416666666666667 0.42467817164179106 0.225 0.42467817164179106
2 0.271875 0.22238805970149253 0.35666666666666663 0.22238805970149253 0.35666666666666663 0.38291044776119404 0.271875 0.38291044776119404
3 0.09791666666666667 0.5973880597014926 0.21583333333333332 0.5973880597014926 0.21583333333333332 0.7960820895522388 0.09791666666666667 0.7960820895522388
3 0.13229166666666664 0.7652985074626867 0.3525 0.7652985074626867 0.3525 1 0.13229166666666664 1
3 0.4010416666666667 0.42948227611940304 0.6341666666666667 0.42948227611940304 0.6341666666666667 0.6886893656716419 0.4010416666666667 0.6886893656716419
3 0.490625 0.36418376865671637 0.7125 0.36418376865671637 0.7125 0.5738386194029851 0.490625 0.5738386194029851
3 0.5270833333333333 0.32499999999999996 0.7166666666666667 0.32499999999999996 0.7166666666666667 0.4738992537313433 0.5270833333333333 0.4738992537313433
3 0.3216666666666666 0.3585820895522388 0.4875 0.3585820895522388 0.4875 0.4962686567164179 0.3216666666666666 0.4962686567164179