2 0.020833333333333332 0.4164179104477612 0.09833333333333334 0.4164179104477612 0.09833333333333334 0.6737686567164178 0.020833333333333332 0.6737686567164178
2 0.16666666666666666 0.3007509328358209 0.2841666666666667 0.3007509328358209 0.2841666666666667 0.481357276119403 0.16666666666666666 0.481357276119403
2 0.23333333333333336 0.24477611940298505 0.31583333333333335 0.24477611940298505 0.31583333333333335 0.40975746268656715 0.23333333333333336 0.40975746268656715
2 0.2875 0.21119869402985078 0.34249999999999997 0.21119869402985078 0.34249999999999997 0.3635214552238806 0.2875 0.3635214552238806
1 0.3508333333333333 0.158955223880597 0.5354166666666667 0.158955223880597 0.5354166666666667 0.37992537313432834 0.3508333333333333 0.37992537313432834
1 0.4302083333333334 0.33992537313432836 0.6983333333333335 0.33992537313432836 0.6983333333333335 0.5529477611940299 0.4302083333333334 0.5529477611940299
1 0.2572916666666667 0.48917444029850754 0.6533333333333334 0.48917444029850754 0.6533333333333334 0.9631389925373135 0.2572916666666667 0.9631389925373135
3 0.10000000000000002 0.5638013059701492 0.26833333333333337 0.5638013059701492 0.26833333333333337 0.8154710820895522 0.10000000000000002 0.8154710820895522
3 0 0.7485027985074627 0.04916666666666667 0.7485027985074627 0.04916666666666667 0.9049673507462687 0 0.9049673507462687
3 0.5645833333333333 0.3138059701492537 0.7383333333333333 0.3138059701492537 0.7383333333333333 0.4694216417910448 0.5645833333333333 0.4694216417910448
3 0.55 0.3996268656716418 0.6991666666666667 0.3996268656716418 0.6991666666666667 0.5544402985074627 0.55 0.5544402985074627