0 0.7925 0.30634328358208956 0.9916666666666667 0.30634328358208956 0.9916666666666667 0.8318843283582089 0.7925 0.8318843283582089
1 0.4927083333333334 0.22985074626865673 0.7900000000000001 0.22985074626865673 0.7900000000000001 0.5335634328358209 0.4927083333333334 0.5335634328358209
1 0.13645833333333338 0.571268656716418 0.41166666666666674 0.571268656716418 0.41166666666666674 1 0.13645833333333338 1
1 0.09583333333333334 0.30633861940298507 0.2841666666666667 0.30633861940298507 0.2841666666666667 0.6111240671641791 0.09583333333333334 0.6111240671641791
2 0.12916666666666665 0.31753731343283587 0.20249999999999999 0.31753731343283587 0.20249999999999999 0.4709141791044776 0.12916666666666665 0.4709141791044776
1 0.37083333333333335 0.17761194029850744 0.4983333333333333 0.17761194029850744 0.4983333333333333 0.3530783582089552 0.37083333333333335 0.3530783582089552
3 0.3072916666666667 0.36978078358208955 0.44166666666666665 0.36978078358208955 0.44166666666666665 0.5410214552238806 0.3072916666666667 0.5410214552238806
3 0.4125 0.48731343283582085 0.6466666666666666 0.48731343283582085 0.6466666666666666 0.6528917910447761 0.4125 0.6528917910447761
3 0.5916666666666667 0.3604477611940298 0.7241666666666667 0.3604477611940298 0.7241666666666667 0.5022388059701492 0.5916666666666667 0.5022388059701492
3 0.2552083333333333 0.5675373134328358 0.49666666666666665 0.5675373134328358 0.49666666666666665 0.9795522388059701 0.2552083333333333 0.9795522388059701
3 0 0.7653031716417912 0.03833333333333333 0.7653031716417912 0.03833333333333333 0.9855177238805971 0 0.9855177238805971