1 0.6354166666666666 0.15335820895522387 0.8133333333333332 0.15335820895522387 0.8133333333333332 0.4157276119402985 0.6354166666666666 0.4157276119402985
1 0.390625 0.3026166044776119 0.7258333333333333 0.3026166044776119 0.7258333333333333 0.7215065298507461 0.390625 0.7215065298507461
2 0.22916666666666666 0.24291044776119405 0.3416666666666667 0.24291044776119405 0.3416666666666667 0.4366044776119403 0.22916666666666666 0.4366044776119403
2 0.17604166666666668 0.30261660447761196 0.275 0.30261660447761196 0.275 0.47986473880597014 0.17604166666666668 0.47986473880597014
2 0.13333333333333333 0.3473880597014925 0.20916666666666667 0.3473880597014925 0.20916666666666667 0.5305783582089552 0.13333333333333333 0.5305783582089552
2 0.004166666666666667 0.42201958955223884 0.10833333333333334 0.42201958955223884 0.10833333333333334 0.6320102611940299 0.004166666666666667 0.6320102611940299
3 0.0875 0.5694029850746268 0.22083333333333333 0.5694029850746268 0.22083333333333333 0.7737126865671642 0.0875 0.7737126865671642
3 0 0.7354524253731343 0.04 0.7354524253731343 0.04 0.9527005597014926 0 0.9527005597014926
3 0.21874999999999997 0.5582089552238807 0.46749999999999997 0.5582089552238807 0.46749999999999997 0.9780597014925373 0.21874999999999997 0.9780597014925373
3 0.28854166666666664 0.3847014925373134 0.41833333333333333 0.3847014925373134 0.41833333333333333 0.5305783582089552 0.28854166666666664 0.5305783582089552
3 0.5833333333333334 0.29701026119402985 0.7375 0.29701026119402985 0.7375 0.4888106343283582 0.5833333333333334 0.4888106343283582
3 0.5072916666666666 0.407089552238806 0.6891666666666666 0.407089552238806 0.6891666666666666 0.5947201492537313 0.5072916666666666 0.5947201492537313