1 0.7489583333333333 0.15521921641791045 0.8433333333333333 0.15521921641791045 0.8433333333333333 0.4917957089552239 0.7489583333333333 0.4917957089552239
1 0.5052083333333334 0.158955223880597 0.7333333333333333 0.158955223880597 0.7333333333333333 0.3814179104477612 0.5052083333333334 0.3814179104477612
1 0.35 0.18134794776119406 0.49 0.18134794776119406 0.49 0.3650139925373134 0.35 0.3650139925373134
2 0.21354166666666666 0.25224347014925375 0.305 0.25224347014925375 0.305 0.4500326492537313 0.21354166666666666 0.4500326492537313
3 0.5458333333333333 0.3026166044776119 0.7183333333333333 0.3026166044776119 0.7183333333333333 0.481357276119403 0.5458333333333333 0.481357276119403
3 0.4447916666666666 0.33805970149253733 0.6974999999999999 0.33805970149253733 0.6974999999999999 0.5648880597014926 0.4447916666666666 0.5648880597014926
3 0.4052083333333334 0.42761660447761196 0.6691666666666668 0.42761660447761196 0.6691666666666668 0.6618423507462686 0.4052083333333334 0.6618423507462686
3 0.22395833333333337 0.6085820895522388 0.5075000000000001 0.6085820895522388 0.5075000000000001 0.9467350746268657 0.22395833333333337 0.9467350746268657
3 0.09583333333333334 0.6850746268656718 0.38666666666666666 0.6850746268656718 0.38666666666666666 1 0.09583333333333334 1
3 0.11354166666666665 0.5955223880597016 0.24416666666666664 0.5955223880597016 0.24416666666666664 0.7677425373134328 0.11354166666666665 0.7677425373134328
3 0.0375 0.6645569029850746 0.1925 0.6645569029850746 0.1925 0.8408348880597015 0.0375 0.8408348880597015
3 0 0.7503684701492537 0.06916666666666667 0.7503684701492537 0.06916666666666667 0.9616464552238806 0 0.9616464552238806