3 0.46979166666666666 0.33805970149253733 0.6991666666666667 0.33805970149253733 0.6991666666666667 0.5574253731343284 0.46979166666666666 0.5574253731343284
3 0.42916666666666664 0.4742537313432836 0.62 0.4742537313432836 0.62 0.6827238805970149 0.42916666666666664 0.6827238805970149
3 0.24999999999999997 0.6160401119402985 0.44249999999999995 0.6160401119402985 0.44249999999999995 0.8154710820895522 0.24999999999999997 0.8154710820895522
3 0.071875 0.7876865671641792 0.4066666666666666 0.7876865671641792 0.4066666666666666 1 0.071875 1
3 0.003125 0.8977611940298509 0.1175 0.8977611940298509 0.1175 1 0.003125 1
3 0 0.6701539179104478 0.15916666666666668 0.6701539179104478 0.15916666666666668 0.893036380597015 0 0.893036380597015
3 0.09583333333333334 0.5787313432835822 0.25916666666666666 0.5787313432835822 0.25916666666666666 0.8274067164179104 0.09583333333333334 0.8274067164179104
1 0.26 0.6384328358208956 0.50625 0.6384328358208956 0.50625 1 0.26 1
1 0.12916666666666668 0.37536847014925373 0.2808333333333334 0.37536847014925373 0.2808333333333334 0.5812919776119403 0.12916666666666668 0.5812919776119403
2 0.171875 0.28209421641791044 0.2525 0.28209421641791044 0.2525 0.509696828358209 0.171875 0.509696828358209
2 0.21770833333333334 0.2708908582089552 0.30583333333333335 0.2708908582089552 0.30583333333333335 0.4559934701492538 0.21770833333333334 0.4559934701492538