1 0.32416666666666666 0.47611940298507466 0.5966666666666666 0.47611940298507466 0.5966666666666666 1 0.32416666666666666 1
2 0.26875 0.23731343283582088 0.3549999999999999 0.23731343283582088 0.3549999999999999 0.40975746268656715 0.26875 0.40975746268656715
2 0.334375 0.19812966417910452 0.45 0.19812966417910452 0.45 0.34263526119402987 0.334375 0.34263526119402987
3 0.10729166666666666 0.7205223880597016 0.3825 0.7205223880597016 0.3825 1 0.10729166666666666 1
3 0.11666666666666665 0.6011147388059701 0.22749999999999998 0.6011147388059701 0.22749999999999998 0.7587919776119403 0.11666666666666665 0.7587919776119403
3 0.016666666666666666 0.6682882462686568 0.17666666666666667 0.6682882462686568 0.17666666666666667 0.8348647388059701 0.016666666666666666 0.8348647388059701
3 0 0.7914179104477612 0.07 0.7914179104477612 0.07 0.9467350746268657 0 0.9467350746268657
3 0.21041666666666667 0.38096548507462685 0.4 0.38096548507462685 0.4 0.6111240671641791 0.21041666666666667 0.6111240671641791
3 0.4 0.40336287313432845 0.6525 0.40336287313432845 0.6525 0.6916744402985074 0.4 0.6916744402985074
3 0.4708333333333334 0.347392723880597 0.6900000000000001 0.347392723880597 0.6900000000000001 0.5738386194029851 0.4708333333333334 0.5738386194029851
3 0.5677083333333334 0.3100746268656716 0.7416666666666667 0.3100746268656716 0.7416666666666667 0.4962686567164179 0.5677083333333334 0.4962686567164179