1 0.7333333333333333 0.18321361940298508 0.8395833333333333 0.18321361940298508 0.8395833333333333 0.5410214552238806 0.7333333333333333 0.5410214552238806
1 0.11770833333333335 0.3548460820895522 0.24333333333333335 0.3548460820895522 0.24333333333333335 0.6379710820895522 0.11770833333333335 0.6379710820895522
2 0.17083333333333334 0.28768656716417906 0.2533333333333333 0.28768656716417906 0.2533333333333333 0.4962686567164179 0.17083333333333334 0.4962686567164179
2 0.24166666666666667 0.25784048507462687 0.31833333333333336 0.25784048507462687 0.31833333333333336 0.4500326492537313 0.24166666666666667 0.4500326492537313
3 0.4572916666666666 0.33619869402985075 0.6933333333333332 0.33619869402985075 0.6933333333333332 0.5723460820895523 0.4572916666666666 0.5723460820895523
3 0.4 0.4406669776119403 0.5975 0.4406669776119403 0.5975 0.667803171641791 0.4 0.667803171641791
3 0.23645833333333335 0.5973927238805969 0.4866666666666667 0.5973927238805969 0.4866666666666667 0.9586707089552238 0.23645833333333335 0.9586707089552238
3 0.125 0.7186567164179105 0.3783333333333333 0.7186567164179105 0.3783333333333333 1 0.125 1
3 0 0.6716417910447762 0.145 0.6716417910447762 0.145 0.8653358208955225 0 0.8653358208955225
3 0.08541666666666667 0.5988759328358207 0.2625 0.5988759328358207 0.2625 0.7668889925373135 0.08541666666666667 0.7668889925373135
3 0.0020833333333333333 0.8656716417910447 0.0475 0.8656716417910447 0.0475 1 0.0020833333333333333 1