1 0.078125 0.6011194029850747 0.3958333333333333 0.6011194029850747 0.3958333333333333 1 0.078125 1
1 0.2683333333333333 0.7708955223880598 0.86875 0.7708955223880598 0.86875 1 0.2683333333333333 1
1 0.13333333333333333 0.4014925373134328 0.2641666666666667 0.4014925373134328 0.2641666666666667 0.6185820895522388 0.13333333333333333 0.6185820895522388
2 0.06458333333333333 0.39589552238805975 0.12833333333333333 0.39589552238805975 0.12833333333333333 0.5827798507462687 0.06458333333333333 0.5827798507462687
2 0.10833333333333334 0.33246735074626865 0.18333333333333332 0.33246735074626865 0.18333333333333332 0.5395289179104478 0.10833333333333334 0.5395289179104478
3 0.5291666666666667 0.3175373134328358 0.7291666666666666 0.3175373134328358 0.7291666666666666 0.47539179104477614 0.5291666666666667 0.47539179104477614
3 0.46458333333333335 0.36231809701492534 0.6958333333333333 0.36231809701492534 0.6958333333333333 0.5738386194029851 0.46458333333333335 0.5738386194029851
3 0.39479166666666665 0.44627332089552235 0.62 0.44627332089552235 0.62 0.6857042910447761 0.39479166666666665 0.6857042910447761
3 0.309375 0.3604477611940298 0.4791666666666667 0.3604477611940298 0.4791666666666667 0.503731343283582 0.309375 0.503731343283582
3 0.22083333333333333 0.5358162313432836 0.3625 0.5358162313432836 0.3625 0.6633255597014925 0.22083333333333333 0.6633255597014925
3 0 0.741044776119403 0.09166666666666666 0.741044776119403 0.09166666666666666 0.9735820895522389 0 0.9735820895522389