1 0.4395833333333334 0.1533628731343284 0.6316666666666667 0.1533628731343284 0.6316666666666667 0.3351819029850746 0.4395833333333334 0.3351819029850746
2 0 0.4611940298507463 0.0275 0.4611940298507463 0.0275 0.7110634328358209 0 0.7110634328358209
2 0.016666666666666663 0.40708955223880594 0.07666666666666666 0.40708955223880594 0.07666666666666666 0.6454291044776119 0.016666666666666663 0.6454291044776119
2 0.22916666666666666 0.26342817164179105 0.3141666666666667 0.26342817164179105 0.3141666666666667 0.4291464552238806 0.22916666666666666 0.4291464552238806
2 0.3072916666666667 0.21492070895522386 0.37166666666666665 0.21492070895522386 0.37166666666666665 0.36798973880597013 0.3072916666666667 0.36798973880597013
3 0.5291666666666667 0.3082136194029851 0.7150000000000001 0.3082136194029851 0.7150000000000001 0.47837220149253734 0.5291666666666667 0.47837220149253734
3 0.50625 0.367910447761194 0.6925 0.367910447761194 0.6925 0.5619029850746269 0.50625 0.5619029850746269
3 0.3875 0.4462686567164179 0.6225 0.4462686567164179 0.6225 0.6707835820895522 0.3875 0.6707835820895522
3 0.225 0.5787313432835821 0.49333333333333335 0.5787313432835821 0.49333333333333335 0.9720895522388059 0.225 0.9720895522388059
3 0.08645833333333332 0.7354477611940299 0.3358333333333333 0.7354477611940299 0.3358333333333333 1 0.08645833333333332 1
3 0.10729166666666666 0.6085820895522388 0.22916666666666666 0.6085820895522388 0.22916666666666666 0.7632649253731343 0.10729166666666666 0.7632649253731343
3 0.309375 0.3623087686567164 0.4666666666666667 0.3623087686567164 0.4666666666666667 0.5156576492537314 0.309375 0.5156576492537314