1 0.4625 0.1458908582089552 0.6466666666666666 0.1458908582089552 0.6466666666666666 0.37246735074626863 0.4625 0.37246735074626863
1 0.26145833333333335 0.2578311567164179 0.40750000000000003 0.2578311567164179 0.40750000000000003 0.5171501865671642 0.26145833333333335 0.5171501865671642
1 0.07916666666666666 0.3212686567164179 0.3 0.3212686567164179 0.3 0.5619029850746269 0.07916666666666666 0.5619029850746269
2 0.30833333333333335 0.2018656716417911 0.385 0.2018656716417911 0.385 0.37843283582089554 0.30833333333333335 0.37843283582089554
3 0.4666666666666667 0.3492490671641791 0.6908333333333334 0.3492490671641791 0.6908333333333334 0.5768143656716418 0.4666666666666667 0.5768143656716418
3 0.409375 0.42947761194029854 0.5916666666666667 0.42947761194029854 0.5916666666666667 0.6737686567164178 0.409375 0.6737686567164178
3 0.128125 0.7578358208955225 0.3908333333333333 0.7578358208955225 0.3908333333333333 1 0.128125 1
3 0.004166666666666667 0.8735074626865672 0.08083333333333333 0.8735074626865672 0.08083333333333333 1 0.004166666666666667 1
3 0.008333333333333333 0.6664225746268656 0.17750000000000002 0.6664225746268656 0.17750000000000002 0.8661893656716418 0.008333333333333333 0.8661893656716418
3 0.09479166666666668 0.5712639925373134 0.24333333333333335 0.5712639925373134 0.24333333333333335 0.7587919776119403 0.09479166666666668 0.7587919776119403
3 0.18020833333333333 0.48917910447761204 0.31333333333333335 0.48917910447761204 0.31333333333333335 0.6469216417910447 0.18020833333333333 0.6469216417910447