3 0.5083333333333334 0.3156763059701493 0.7316666666666668 0.3156763059701493 0.7316666666666668 0.47986473880597014 0.5083333333333334 0.47986473880597014
3 0.5125 0.33619402985074626 0.7075 0.33619402985074626 0.7075 0.560410447761194 0.5125 0.560410447761194
3 0.43333333333333335 0.4294729477611941 0.6408333333333334 0.4294729477611941 0.6408333333333334 0.669295708955224 0.43333333333333335 0.669295708955224
3 0.06770833333333333 0.7503731343283583 0.43833333333333335 0.7503731343283583 0.43833333333333335 1 0.06770833333333333 1
3 0.11354166666666667 0.5861194029850746 0.22166666666666668 0.5861194029850746 0.22166666666666668 0.7476119402985075 0.11354166666666667 0.7476119402985075
3 0.011458333333333333 0.6439552238805971 0.14333333333333334 0.6439552238805971 0.14333333333333334 0.8445708955223881 0.011458333333333333 0.8445708955223881
3 0.22708333333333336 0.433134328358209 0.3950000000000001 0.433134328358209 0.3950000000000001 0.5775746268656716 0.22708333333333336 0.5775746268656716
2 0.1125 0.3510401119402985 0.1925 0.3510401119402985 0.1925 0.5313292910447761 0.1125 0.5313292910447761
2 0.23854166666666668 0.25775652985074626 0.30666666666666664 0.25775652985074626 0.30666666666666664 0.4090158582089552 0.23854166666666668 0.4090158582089552
2 0.290625 0.2223134328358209 0.37833333333333335 0.2223134328358209 0.37833333333333335 0.36875 0.290625 0.36875
1 0.3697916666666667 0.17575093283582088 0.5277083333333333 0.17575093283582088 0.5277083333333333 0.3427192164179104 0.3697916666666667 0.3427192164179104