1 0.7375 0.18320895522388062 0.8416666666666667 0.18320895522388062 0.8416666666666667 0.5275932835820896 0.7375 0.5275932835820896
1 0.225 0.5115671641791045 0.7333333333333333 0.5115671641791045 0.7333333333333333 1 0.225 1
1 0.20208333333333334 0.3100746268656716 0.3733333333333333 0.3100746268656716 0.3733333333333333 0.560410447761194 0.20208333333333334 0.560410447761194
2 0.16979166666666667 0.2727658582089552 0.2866666666666667 0.2727658582089552 0.2866666666666667 0.4843423507462687 0.16979166666666667 0.4843423507462687
1 0.3516666666666667 0.1682835820895522 0.5302083333333333 0.1682835820895522 0.5302083333333333 0.4157276119402985 0.3516666666666667 0.4157276119402985
3 0.08083333333333334 0.5694029850746269 0.253125 0.5694029850746269 0.253125 0.7304477611940298 0.08083333333333334 0.7304477611940298
3 0 0.6682882462686567 0.12083333333333333 0.6682882462686567 0.12083333333333333 0.8393423507462687 0 0.8393423507462687
3 0.4583333333333333 0.33246268656716416 0.7008333333333333 0.33246268656716416 0.7008333333333333 0.560410447761194 0.4583333333333333 0.560410447761194
3 0.43020833333333336 0.46492537313432836 0.6108333333333333 0.46492537313432836 0.6108333333333333 0.7021082089552239 0.43020833333333336 0.7021082089552239
3 0.23333333333333336 0.6048507462686566 0.5075000000000001 0.6048507462686566 0.5075000000000001 0.9467350746268657 0.23333333333333336 0.9467350746268657
3 0.121875 0.7093283582089553 0.3491666666666667 0.7093283582089553 0.3491666666666667 1 0.121875 1