2 0.17083333333333334 0.30260727611940297 0.2833333333333333 0.30260727611940297 0.2833333333333333 0.4589785447761194 0.17083333333333334 0.4589785447761194
2 0.25833333333333336 0.24478078358208952 0.3333333333333333 0.24478078358208952 0.3333333333333333 0.39036847014925374 0.25833333333333336 0.39036847014925374
2 0.3125 0.22798041044776118 0.37999999999999995 0.22798041044776118 0.37999999999999995 0.36798973880597013 0.3125 0.36798973880597013
2 0.003125 0.43693563432835825 0.0875 0.43693563432835825 0.0875 0.6364785447761194 0.003125 0.6364785447761194
2 0 0.49663712686567163 0.03666666666666667 0.49663712686567163 0.03666666666666667 0.6931576492537314 0 0.6931576492537314
3 0.10208333333333332 0.5750046641791046 0.22749999999999998 0.5750046641791046 0.22749999999999998 0.7483535447761194 0.10208333333333332 0.7483535447761194
3 0.09791666666666665 0.7298507462686568 0.3608333333333333 0.7298507462686568 0.3608333333333333 1 0.09791666666666665 1
3 0.3958333333333333 0.44067630597014923 0.6316666666666666 0.44067630597014923 0.6316666666666666 0.6857042910447761 0.3958333333333333 0.6857042910447761
3 0.4604166666666666 0.38656716417910447 0.7016666666666665 0.38656716417910447 0.7016666666666665 0.5589179104477612 0.4604166666666666 0.5589179104477612
3 0.525 0.3380643656716418 0.7258333333333333 0.3380643656716418 0.7258333333333333 0.453017723880597 0.525 0.453017723880597
3 0.303125 0.37164179104477607 0.42999999999999994 0.37164179104477607 0.42999999999999994 0.5544402985074627 0.303125 0.5544402985074627
1 0.2645833333333333 0.5078404850746269 0.4758333333333333 0.5078404850746269 0.4758333333333333 0.9243610074626866 0.2645833333333333 0.9243610074626866