3 0.5145833333333333 0.31567630597014923 0.7391666666666665 0.31567630597014923 0.7391666666666665 0.481357276119403 0.5145833333333333 0.481357276119403
3 0.45833333333333337 0.3417957089552239 0.6858333333333334 0.3417957089552239 0.6858333333333334 0.5738386194029851 0.45833333333333337 0.5738386194029851
3 0.38645833333333335 0.45187033582089553 0.5975 0.45187033582089553 0.5975 0.6886893656716419 0.38645833333333335 0.6886893656716419
3 0.240625 0.5787266791044776 0.475 0.5787266791044776 0.475 0.9347994402985075 0.240625 0.9347994402985075
3 0.1125 0.7279850746268658 0.39916666666666667 0.7279850746268658 0.39916666666666667 1 0.1125 1
3 0.07083333333333335 0.5582136194029851 0.22666666666666668 0.5582136194029851 0.22666666666666668 0.7766930970149254 0.07083333333333335 0.7766930970149254
3 0.19166666666666668 0.49104477611940306 0.32916666666666666 0.49104477611940306 0.32916666666666666 0.6543843283582089 0.19166666666666668 0.6543843283582089
3 0.32083333333333336 0.33805503731343284 0.51 0.33805503731343284 0.51 0.5783069029850747 0.32083333333333336 0.5783069029850747
2 0.21666666666666665 0.24850279850746274 0.34249999999999997 0.24850279850746274 0.34249999999999997 0.4291464552238806 0.21666666666666665 0.4291464552238806
2 0.07083333333333333 0.40708488805970156 0.14166666666666666 0.40708488805970156 0.14166666666666666 0.575321828358209 0.07083333333333333 0.575321828358209
1 0.008333333333333333 0.7541044776119404 0.16083333333333333 0.7541044776119404 0.16083333333333333 1 0.008333333333333333 1