2 0.29375 0.2111893656716418 0.3733333333333333 0.2111893656716418 0.3733333333333333 0.36798973880597013 0.29375 0.36798973880597013
2 0.24062499999999998 0.23731343283582088 0.32999999999999996 0.23731343283582088 0.32999999999999996 0.37992537313432834 0.24062499999999998 0.37992537313432834
2 0.15833333333333333 0.2746268656716418 0.2825 0.2746268656716418 0.2825 0.43958955223880597 0.15833333333333333 0.43958955223880597
2 0.028125 0.4313432835820895 0.09083333333333334 0.4313432835820895 0.09083333333333334 0.626044776119403 0.028125 0.626044776119403
2 0 0.4425373134328358 0.04416666666666667 0.4425373134328358 0.04416666666666667 0.6707835820895522 0 0.6707835820895522
3 0.09479166666666665 0.6925373134328359 0.3525 0.6925373134328359 0.3525 1 0.09479166666666665 1
3 0.12500000000000003 0.5824673507462688 0.24750000000000003 0.5824673507462688 0.24750000000000003 0.7483535447761194 0.12500000000000003 0.7483535447761194
3 0.40208333333333335 0.44440764925373133 0.6408333333333334 0.44440764925373133 0.6408333333333334 0.6901819029850746 0.40208333333333335 0.6901819029850746
3 0.4666666666666667 0.36231343283582085 0.6791666666666667 0.36231343283582085 0.6791666666666667 0.5544402985074627 0.4666666666666667 0.5544402985074627
3 0.5208333333333334 0.2970149253731343 0.7041666666666667 0.2970149253731343 0.7041666666666667 0.47539179104477614 0.5208333333333334 0.47539179104477614
3 0.3229166666666667 0.36231343283582085 0.5375 0.36231343283582085 0.5375 0.5067164179104479 0.3229166666666667 0.5067164179104479
1 0.27395833333333336 0.4499953358208955 0.5316666666666666 0.4499953358208955 0.5316666666666666 0.9318143656716418 0.27395833333333336 0.9318143656716418