0 0.8322916666666667 0.22798507462686568 0.9941666666666668 0.22798507462686568 0.9941666666666668 0.6499067164179105 0.8322916666666667 0.6499067164179105
1 0.42916666666666664 0.21305970149253728 0.7408333333333333 0.21305970149253728 0.7408333333333333 0.5663805970149254 0.42916666666666664 0.5663805970149254
3 0.5395833333333333 0.3641837686567164 0.7099999999999999 0.3641837686567164 0.7099999999999999 0.5141744402985076 0.5395833333333333 0.5141744402985076
3 0.39791666666666664 0.49290578358208964 0.64 0.49290578358208964 0.64 0.669295708955224 0.39791666666666664 0.669295708955224
1 0.26458333333333334 0.48171641791044784 0.5808333333333333 0.48171641791044784 0.5808333333333333 1 0.26458333333333334 1
3 0.1125 0.657089552238806 0.37083333333333335 0.657089552238806 0.37083333333333335 1 0.1125 1
2 0.12083333333333333 0.3026166044776119 0.25625 0.3026166044776119 0.25625 0.5395289179104478 0.12083333333333333 0.5395289179104478
2 0.29583333333333334 0.242910447761194 0.3775 0.242910447761194 0.3775 0.37992537313432834 0.29583333333333334 0.37992537313432834
3 0.15104166666666666 0.4817164179104477 0.28500000000000003 0.4817164179104477 0.28500000000000003 0.6513992537313433 0.15104166666666666 0.6513992537313433
3 0 0.7354477611940299 0.0375 0.7354477611940299 0.0375 0.9512126865671641 0 0.9512126865671641
3 0.3125 0.41454757462686564 0.4516666666666667 0.41454757462686564 0.4516666666666667 0.546982276119403 0.3125 0.546982276119403