3 0.5354166666666667 0.33059235074626864 0.7383333333333333 0.33059235074626864 0.7383333333333333 0.46047108208955223 0.5354166666666667 0.46047108208955223
3 0.471875 0.3641791044776119 0.6908333333333334 0.3641791044776119 0.6908333333333334 0.5559328358208956 0.471875 0.5559328358208956
3 0.24166666666666667 0.5787360074626865 0.49333333333333335 0.5787360074626865 0.49333333333333335 0.9885027985074627 0.24166666666666667 0.9885027985074627
3 0.09583333333333335 0.556347947761194 0.23500000000000001 0.556347947761194 0.23500000000000001 0.7453684701492538 0.09583333333333335 0.7453684701492538
3 0.005208333333333333 0.7466464552238806 0.03916666666666667 0.7466464552238806 0.03916666666666667 0.9586707089552238 0.005208333333333333 0.9586707089552238
1 0.041666666666666664 0.3996222014925373 0.14479166666666668 0.3996222014925373 0.14479166666666668 0.6633255597014925 0.041666666666666664 0.6633255597014925
1 0.004166666666666667 0.3791044776119403 0.11979166666666667 0.3791044776119403 0.11979166666666667 0.6245522388059701 0.004166666666666667 0.6245522388059701
1 0.171875 0.34365205223880596 0.32166666666666666 0.34365205223880596 0.32166666666666666 0.48731809701492534 0.171875 0.48731809701492534
1 0.3725 0.1664179104477612 0.5270833333333333 0.1664179104477612 0.5270833333333333 0.3560634328358209 0.3725 0.3560634328358209
2 0.32708333333333334 0.2111893656716418 0.3858333333333333 0.2111893656716418 0.3858333333333333 0.36798973880597013 0.32708333333333334 0.36798973880597013
2 0.175 0.29328824626865674 0.2825 0.29328824626865674 0.2825 0.4500326492537313 0.175 0.4500326492537313
3 0.33625 0.3604477611940298 0.4841666666666667 0.3604477611940298 0.4841666666666667 0.49477611940298505 0.33625 0.49477611940298505