1 0.6 0.11791511194029851 0.8333333333333334 0.11791511194029851 0.8333333333333334 0.42020055970149256 0.6 0.42020055970149256
1 0.21833333333333335 0.2988805970149254 0.3229166666666667 0.2988805970149254 0.3229166666666667 0.46345149253731344 0.21833333333333335 0.46345149253731344
1 0.29583333333333334 0.46679104477611943 0.48333333333333334 0.46679104477611943 0.48333333333333334 0.9795522388059701 0.29583333333333334 0.9795522388059701
2 0.171875 0.304482276119403 0.2341666666666667 0.304482276119403 0.2341666666666667 0.481357276119403 0.171875 0.481357276119403
2 0.23125 0.2690298507462686 0.2791666666666667 0.2690298507462686 0.2791666666666667 0.38738805970149254 0.23125 0.38738805970149254
2 0.2791666666666667 0.22611473880597013 0.33916666666666667 0.22611473880597013 0.33916666666666667 0.36798973880597013 0.2791666666666667 0.36798973880597013
3 0.4427083333333333 0.35485074626865676 0.6925 0.35485074626865676 0.6925 0.5648880597014926 0.4427083333333333 0.5648880597014926
3 0.384375 0.44067164179104473 0.6291666666666667 0.44067164179104473 0.6291666666666667 0.6827238805970149 0.384375 0.6827238805970149
3 0.3375 0.3567117537313433 0.44249999999999995 0.3567117537313433 0.44249999999999995 0.49030317164179105 0.3375 0.49030317164179105
3 0.12708333333333333 0.5880597014925374 0.2125 0.5880597014925374 0.2125 0.7602798507462687 0.12708333333333333 0.7602798507462687
3 0.09062499999999998 0.7093283582089553 0.34833333333333333 0.7093283582089553 0.34833333333333333 1 0.09062499999999998 1