0 0.8385416666666666 0.198134328358209 1 0.198134328358209 1 0.643936567164179 0.8385416666666666 0.643936567164179
1 0.4791666666666667 0.24104011194029848 0.7666666666666667 0.24104011194029848 0.7666666666666667 0.546982276119403 0.4791666666666667 0.546982276119403
1 0.61875 0.12350746268656716 0.8116666666666668 0.12350746268656716 0.8116666666666668 0.4052798507462687 0.61875 0.4052798507462687
3 0.4 0.41641791044776116 0.6041666666666666 0.41641791044776116 0.6041666666666666 0.6752611940298507 0.4 0.6752611940298507
3 0.23750000000000002 0.6048507462686566 0.4991666666666667 0.6048507462686566 0.4991666666666667 0.9691044776119404 0.23750000000000002 0.9691044776119404
3 0.11875 0.7130597014925374 0.3858333333333333 0.7130597014925374 0.3858333333333333 1 0.11875 1
1 0 0.6589598880597015 0.12166666666666666 0.6589598880597015 0.12166666666666666 0.8646968283582089 0 0.8646968283582089
1 0.0375 0.4388059701492537 0.17916666666666667 0.4388059701492537 0.17916666666666667 0.7140485074626864 0.0375 0.7140485074626864
1 0.07708333333333334 0.32499999999999996 0.25833333333333336 0.32499999999999996 0.25833333333333336 0.5529477611940299 0.07708333333333334 0.5529477611940299
1 0.3072916666666667 0.22052705223880598 0.4366666666666667 0.22052705223880598 0.4366666666666667 0.4187080223880597 0.3072916666666667 0.4187080223880597
2 0.09166666666666666 0.364179104477612 0.17833333333333332 0.364179104477612 0.17833333333333332 0.5574253731343284 0.09166666666666666 0.5574253731343284