0 0.6770833333333334 0.2671595149253731 0.9991666666666668 0.2671595149253731 0.9991666666666668 0.7274673507462687 0.6770833333333334 0.7274673507462687
1 0.5375 0.1496222014925373 0.7325 0.1496222014925373 0.7325 0.3664972014925373 0.5375 0.3664972014925373
1 0.24583333333333332 0.28954757462686564 0.39333333333333337 0.28954757462686564 0.39333333333333337 0.4276539179104478 0.24583333333333332 0.4276539179104478
1 0.12708333333333335 0.3921641791044776 0.2516666666666667 0.3921641791044776 0.2516666666666667 0.6484141791044776 0.12708333333333335 0.6484141791044776
1 0 0.40709421641791044 0.05 0.40709421641791044 0.05 0.6857042910447761 0 0.6857042910447761
2 0.2125 0.2578358208955224 0.3125 0.2578358208955224 0.3125 0.46345149253731344 0.2125 0.46345149253731344
2 0.31666666666666665 0.2093283582089552 0.41166666666666674 0.2093283582089552 0.41166666666666674 0.345615671641791 0.31666666666666665 0.345615671641791
3 0.5291666666666667 0.3306016791044776 0.7375 0.3306016791044776 0.7375 0.5977005597014925 0.5291666666666667 0.5977005597014925
3 0.4041666666666667 0.41454757462686564 0.645 0.41454757462686564 0.645 0.667803171641791 0.4041666666666667 0.667803171641791
3 0.2875 0.41828358208955224 0.4466666666666666 0.41828358208955224 0.4466666666666666 0.5559328358208955 0.2875 0.5559328358208955
3 0.09374999999999999 0.5563432835820895 0.20249999999999999 0.5563432835820895 0.20249999999999999 0.7632649253731343 0.09374999999999999 0.7632649253731343
3 0 0.6291044776119403 0.13 0.6291044776119403 0.13 0.8632089552238806 0 0.8632089552238806