3 0.4604166666666666 0.3940298507462687 0.6933333333333332 0.3940298507462687 0.6933333333333332 0.5648880597014926 0.4604166666666666 0.5648880597014926
3 0.4208333333333333 0.45932369402985074 0.6641666666666666 0.45932369402985074 0.6641666666666666 0.6991277985074626 0.4208333333333333 0.6991277985074626
3 0.27291666666666664 0.39403451492537317 0.3983333333333333 0.39403451492537317 0.3983333333333333 0.5440065298507464 0.27291666666666664 0.5440065298507464
3 0.36770833333333336 0.37164179104477607 0.4683333333333334 0.37164179104477607 0.4683333333333334 0.503731343283582 0.36770833333333336 0.503731343283582
3 0.10520833333333333 0.6104477611940299 0.21583333333333332 0.6104477611940299 0.21583333333333332 0.7901119402985075 0.10520833333333333 0.7901119402985075
3 0 0.6944029850746268 0.14166666666666666 0.6944029850746268 0.14166666666666666 0.8557462686567164 0 0.8557462686567164
1 0.12916666666666668 0.36977145522388066 0.26 0.36977145522388066 0.26 0.669295708955224 0.12916666666666668 0.669295708955224
1 0.5375 0.15895988805970152 0.7400000000000001 0.15895988805970152 0.7400000000000001 0.3635214552238806 0.5375 0.3635214552238806
0 0.7197916666666667 0.3380597014925373 0.9866666666666667 0.3380597014925373 0.9866666666666667 0.7125559701492538 0.7197916666666667 0.7125559701492538
2 0.21562499999999998 0.27090018656716414 0.3508333333333333 0.27090018656716414 0.3508333333333333 0.42467817164179106 0.21562499999999998 0.42467817164179106
2 0.33125 0.2130597014925373 0.4241666666666667 0.2130597014925373 0.4241666666666667 0.3560634328358209 0.33125 0.3560634328358209