1 0.496875 0.14215951492537313 0.645 0.14215951492537313 0.645 0.37246735074626863 0.496875 0.37246735074626863
1 0.3216666666666666 0.19813899253731343 0.45625 0.19813899253731343 0.45625 0.4545102611940299 0.3216666666666666 0.4545102611940299
1 0.22083333333333333 0.31940298507462683 0.3016666666666667 0.31940298507462683 0.3016666666666667 0.5350559701492538 0.22083333333333333 0.5350559701492538
2 0.17604166666666668 0.28022854477611936 0.2791666666666667 0.28022854477611936 0.2791666666666667 0.481357276119403 0.17604166666666668 0.481357276119403
3 0.08124999999999999 0.5805970149253731 0.2358333333333333 0.5805970149253731 0.2358333333333333 0.7394029850746269 0.08124999999999999 0.7394029850746269
3 0.465625 0.3417957089552239 0.6950000000000001 0.3417957089552239 0.6950000000000001 0.5693610074626866 0.465625 0.5693610074626866
3 0.4427083333333333 0.46679570895522393 0.6233333333333333 0.46679570895522393 0.6233333333333333 0.6618423507462686 0.4427083333333333 0.6618423507462686
3 0.24583333333333332 0.6067164179104478 0.5683333333333334 0.6067164179104478 0.5683333333333334 1 0.24583333333333332 1
3 0.08020833333333334 0.7932835820895523 0.3625 0.7932835820895523 0.3625 1 0.08020833333333334 1
1 0.41770833333333335 0.5899253731343285 0.8375 0.5899253731343285 0.8375 1 0.41770833333333335 1
3 0.0010416666666666667 0.6645522388059703 0.15083333333333335 0.6645522388059703 0.15083333333333335 0.85125 0.0010416666666666667 0.85125