0 0.7510416666666667 0.27835820895522384 0.9941666666666668 0.27835820895522384 0.9941666666666668 0.6558768656716418 0.7510416666666667 0.6558768656716418
1 0.20416666666666664 0.28768656716417906 0.36749999999999994 0.28768656716417906 0.36749999999999994 0.43958955223880597 0.20416666666666664 0.43958955223880597
1 0.3260416666666667 0.20560167910447757 0.4799999999999999 0.20560167910447757 0.4799999999999999 0.3888759328358209 0.3260416666666667 0.3888759328358209
1 0.5395833333333333 0.12536847014925373 0.7174999999999999 0.12536847014925373 0.7174999999999999 0.34412779850746267 0.5395833333333333 0.34412779850746267
3 0.4375 0.32686567164179103 0.6708333333333333 0.32686567164179103 0.6708333333333333 0.5529477611940299 0.4375 0.5529477611940299
3 0.42083333333333334 0.4667910447761194 0.6708333333333333 0.4667910447761194 0.6708333333333333 0.7319402985074627 0.42083333333333334 0.7319402985074627
3 0.28958333333333336 0.37723880597014925 0.44249999999999995 0.37723880597014925 0.44249999999999995 0.5246082089552239 0.28958333333333336 0.5246082089552239
3 0.115625 0.5693983208955223 0.23249999999999998 0.5693983208955223 0.23249999999999998 0.7289598880597015 0.115625 0.7289598880597015
3 0.0125 0.6608255597014925 0.16083333333333333 0.6608255597014925 0.16083333333333333 0.836357276119403 0.0125 0.836357276119403
3 0 0.7597014925373134 0.042499999999999996 0.7597014925373134 0.042499999999999996 0.9169029850746269 0 0.9169029850746269
2 0.303125 0.18507462686567164 0.4091666666666666 0.18507462686567164 0.4091666666666666 0.3560634328358209 0.303125 0.3560634328358209