1 0.8166666666666667 0.2242537313432836 0.9849999999999999 0.2242537313432836 0.9849999999999999 0.6722761194029852 0.8166666666666667 0.6722761194029852
1 0.5458333333333333 0.18880597014925377 0.7302083333333333 0.18880597014925377 0.7302083333333333 0.4440671641791045 0.5458333333333333 0.4440671641791045
1 0.4666666666666666 0.16082089552238807 0.6016666666666666 0.16082089552238807 0.6016666666666666 0.3486007462686568 0.4666666666666666 0.3486007462686568
1 0.25416666666666665 0.2727611940298507 0.46 0.2727611940298507 0.46 0.476884328358209 0.25416666666666665 0.476884328358209
1 0.15416666666666667 0.5600746268656718 0.38166666666666665 0.5600746268656718 0.38166666666666665 1 0.15416666666666667 1
2 0.2864583333333333 0.23544776119402985 0.34750000000000003 0.23544776119402985 0.34750000000000003 0.4052798507462687 0.2864583333333333 0.4052798507462687
2 0.334375 0.20746268656716418 0.3891666666666667 0.20746268656716418 0.3891666666666667 0.3545708955223881 0.334375 0.3545708955223881
3 0.007291666666666667 0.658955223880597 0.13333333333333333 0.658955223880597 0.13333333333333333 0.8527611940298507 0.007291666666666667 0.8527611940298507
3 0.09791666666666668 0.5787313432835821 0.2141666666666667 0.5787313432835821 0.2141666666666667 0.8796082089552238 0.09791666666666668 0.8796082089552238
3 0.24791666666666667 0.4145522388059702 0.42250000000000004 0.4145522388059702 0.42250000000000004 0.5648880597014926 0.24791666666666667 0.5648880597014926
3 0.40729166666666666 0.41828358208955224 0.6391666666666667 0.41828358208955224 0.6391666666666667 0.6707835820895522 0.40729166666666666 0.6707835820895522
3 0.5239583333333333 0.34738339552238806 0.7341666666666666 0.34738339552238806 0.7341666666666666 0.6349860074626865 0.5239583333333333 0.6349860074626865