1 0.8458333333333333 0.2597014925373134 0.9916666666666667 0.2597014925373134 0.9916666666666667 0.8632089552238806 0.8458333333333333 0.8632089552238806
2 0.06458333333333334 0.3567117537313433 0.14583333333333334 0.3567117537313433 0.14583333333333334 0.5812919776119403 0.06458333333333334 0.5812919776119403
2 0.12083333333333332 0.33059701492537313 0.19416666666666665 0.33059701492537313 0.19416666666666665 0.5305783582089552 0.12083333333333332 0.5305783582089552
3 0.46875000000000006 0.3436567164179104 0.6775000000000001 0.3436567164179104 0.6775000000000001 0.5857649253731344 0.46875000000000006 0.5857649253731344
3 0.42291666666666666 0.45186567164179103 0.615 0.45186567164179103 0.615 0.6782462686567164 0.42291666666666666 0.6782462686567164
3 0.23333333333333334 0.5675419776119403 0.48083333333333333 0.5675419776119403 0.48083333333333333 0.928838619402985 0.23333333333333334 0.928838619402985
3 0.13854166666666665 0.7093283582089553 0.4091666666666666 0.7093283582089553 0.4091666666666666 1 0.13854166666666665 1
3 0.3125 0.3940298507462687 0.4483333333333333 0.3940298507462687 0.4483333333333333 0.5947201492537313 0.3125 0.5947201492537313
3 0.203125 0.46492537313432836 0.305 0.46492537313432836 0.305 0.6528917910447761 0.203125 0.6528917910447761
3 0.08541666666666668 0.554472947761194 0.22666666666666668 0.554472947761194 0.22666666666666668 0.7587919776119403 0.08541666666666668 0.7587919776119403
3 0 0.8194029850746269 0.058333333333333334 0.8194029850746269 0.058333333333333334 1 0 1