3 0.5114583333333333 0.3175373134328358 0.7208333333333333 0.3175373134328358 0.7208333333333333 0.4664365671641791 0.5114583333333333 0.4664365671641791
3 0.45416666666666666 0.3623087686567164 0.745 0.3623087686567164 0.745 0.5812919776119403 0.45416666666666666 0.5812919776119403
3 0.38333333333333336 0.47052238805970154 0.6683333333333333 0.47052238805970154 0.6683333333333333 0.6737686567164178 0.38333333333333336 0.6737686567164178
3 0.08020833333333334 0.737313432835821 0.38333333333333336 0.737313432835821 0.38333333333333336 1 0.08020833333333334 1
3 0.11666666666666665 0.5973927238805969 0.2233333333333333 0.5973927238805969 0.2233333333333333 0.7766930970149254 0.11666666666666665 0.7766930970149254
3 0.008333333333333333 0.6477658582089552 0.155 0.6477658582089552 0.155 0.8408348880597015 0.008333333333333333 0.8408348880597015
3 0.22916666666666666 0.3884375 0.4125 0.3884375 0.4125 0.5708535447761194 0.22916666666666666 0.5708535447761194
1 0.25312500000000004 0.2876819029850747 0.4366666666666667 0.2876819029850747 0.4366666666666667 0.4574860074626866 0.25312500000000004 0.4574860074626866
1 0 0.48917444029850743 0.07083333333333333 0.48917444029850743 0.07083333333333333 0.667803171641791 0 0.667803171641791
2 0.08958333333333333 0.32500466417910445 0.1525 0.32500466417910445 0.1525 0.5678684701492537 0.08958333333333333 0.5678684701492537
2 0.253125 0.2578404850746268 0.3216666666666666 0.2578404850746268 0.3216666666666666 0.453017723880597 0.253125 0.453017723880597
2 0.30104166666666665 0.198134328358209 0.36749999999999994 0.198134328358209 0.36749999999999994 0.4366044776119403 0.30104166666666665 0.4366044776119403