3 0.004166666666666667 0.6682882462686567 0.13499999999999998 0.6682882462686567 0.13499999999999998 0.8676819029850746 0.004166666666666667 0.8676819029850746
3 0.12083333333333333 0.696268656716418 0.38 0.696268656716418 0.38 1 0.12083333333333333 1
3 0.25 0.6363106343283582 0.4975 0.6363106343283582 0.4975 0.964678171641791 0.25 0.964678171641791
3 0.43125 0.4667910447761194 0.6116666666666667 0.4667910447761194 0.6116666666666667 0.6990858208955224 0.43125 0.6990858208955224
3 0.4635416666666667 0.3417957089552239 0.6841666666666666 0.3417957089552239 0.6841666666666666 0.5588759328358209 0.4635416666666667 0.5588759328358209
1 0.6958333333333333 0.19440298507462683 0.8697916666666666 0.19440298507462683 0.8697916666666666 0.6647761194029851 0.6958333333333333 0.6647761194029851
1 0 0.45559235074626864 0.059375 0.45559235074626864 0.059375 0.7095195895522388 0 0.7095195895522388
1 0.215625 0.3119402985074627 0.29583333333333334 0.3119402985074627 0.29583333333333334 0.5499253731343283 0.215625 0.5499253731343283
2 0.16979166666666667 0.27835820895522384 0.2841666666666667 0.27835820895522384 0.2841666666666667 0.460429104477612 0.16979166666666667 0.460429104477612
1 0.42166666666666663 0.1664225746268657 0.5520833333333334 0.1664225746268657 0.5520833333333334 0.3768983208955224 0.42166666666666663 0.3768983208955224
1 0.34833333333333333 0.1794776119402985 0.4666666666666667 0.1794776119402985 0.4666666666666667 0.3992723880597015 0.34833333333333333 0.3992723880597015
3 0.1 0.5638059701492537 0.23541666666666666 0.5638059701492537 0.23541666666666666 0.75875 0.1 0.75875