1 0.60625 0.11417444029850744 0.8049999999999999 0.11417444029850744 0.8049999999999999 0.39632929104477616 0.60625 0.39632929104477616
1 0 0.429472947761194 0.12666666666666665 0.429472947761194 0.12666666666666665 0.6409561567164179 0 0.6409561567164179
1 0.2791666666666667 0.448134328358209 0.5341666666666666 0.448134328358209 0.5341666666666666 1 0.2791666666666667 1
3 0.09166666666666666 0.6906716417910449 0.35333333333333333 0.6906716417910449 0.35333333333333333 1 0.09166666666666666 1
3 0.10416666666666666 0.5675373134328358 0.21916666666666665 0.5675373134328358 0.21916666666666665 0.7647574626865672 0.10416666666666666 0.7647574626865672
3 0.31875 0.34738805970149256 0.4283333333333334 0.34738805970149256 0.4283333333333334 0.5007462686567165 0.31875 0.5007462686567165
3 0.465625 0.35485541044776114 0.7041666666666667 0.35485541044776114 0.7041666666666667 0.5678684701492537 0.465625 0.5678684701492537
3 0.39791666666666664 0.46305970149253733 0.63 0.46305970149253733 0.63 0.681231343283582 0.39791666666666664 0.681231343283582
2 0.14791666666666667 0.3119356343283582 0.22666666666666668 0.3119356343283582 0.22666666666666668 0.4888106343283582 0.14791666666666667 0.4888106343283582
2 0.2125 0.2690251865671642 0.28583333333333333 0.2690251865671642 0.28583333333333333 0.4306389925373134 0.2125 0.4306389925373134
2 0.27395833333333336 0.23545242537313435 0.3341666666666666 0.23545242537313435 0.3341666666666666 0.3933535447761194 0.27395833333333336 0.3933535447761194