1 0.8677083333333333 0.19440298507462686 0.9791666666666666 0.19440298507462686 0.9791666666666666 0.5067164179104479 0.8677083333333333 0.5067164179104479
1 0.7510416666666667 0.2298507462686567 0.9808333333333332 0.2298507462686567 0.9808333333333332 0.6737686567164178 0.7510416666666667 0.6737686567164178
1 0.47500000000000003 0.220517723880597 0.7566666666666667 0.220517723880597 0.7566666666666667 0.5768143656716418 0.47500000000000003 0.5768143656716418
1 0.10729166666666669 0.3417910447761194 0.31833333333333336 0.3417910447761194 0.31833333333333336 0.5619029850746269 0.10729166666666669 0.5619029850746269
1 0.175 0.25410447761194027 0.44333333333333336 0.25410447761194027 0.44333333333333336 0.4992537313432836 0.175 0.4992537313432836
1 0.4114583333333333 0.17574626865671644 0.5441666666666667 0.17574626865671644 0.5441666666666667 0.3277238805970149 0.4114583333333333 0.3277238805970149
3 0.10520833333333333 0.6757462686567165 0.3725 0.6757462686567165 0.3725 1 0.10520833333333333 1
3 0 0.8380597014925374 0.09000000000000001 0.8380597014925374 0.09000000000000001 1 0 1
3 0.3927083333333333 0.4518610074626866 0.6908333333333334 0.4518610074626866 0.6908333333333334 0.7826539179104479 0.3927083333333333 0.7826539179104479
3 0.5333333333333333 0.33992537313432836 0.7033333333333334 0.33992537313432836 0.7033333333333334 0.5544402985074627 0.5333333333333333 0.5544402985074627
3 0.325 0.3548507462686567 0.4683333333333334 0.3548507462686567 0.4683333333333334 0.5246082089552239 0.325 0.5246082089552239
3 0.18645833333333334 0.5041044776119404 0.34750000000000003 0.5041044776119404 0.34750000000000003 0.737910447761194 0.18645833333333334 0.737910447761194