3 0.4666666666666667 0.3604477611940299 0.6841666666666666 0.3604477611940299 0.6841666666666666 0.5648880597014926 0.4666666666666667 0.5648880597014926
3 0.409375 0.44440764925373133 0.615 0.44440764925373133 0.615 0.6857042910447761 0.409375 0.6857042910447761
3 0.23958333333333334 0.6011240671641791 0.5058333333333334 0.6011240671641791 0.5058333333333334 0.9586707089552238 0.23958333333333334 0.9586707089552238
3 0.115625 0.7074626865671643 0.415 0.7074626865671643 0.415 1 0.115625 1
3 0 0.8679104477611941 0.09916666666666667 0.8679104477611941 0.09916666666666667 0.9974440298507462 0 0.9974440298507462
3 0.09791666666666665 0.5694076492537313 0.21499999999999997 0.5694076492537313 0.21499999999999997 0.7752005597014926 0.09791666666666665 0.7752005597014926
3 0.178125 0.4985121268656716 0.28500000000000003 0.4985121268656716 0.28500000000000003 0.658857276119403 0.178125 0.658857276119403
2 0.053125 0.37350746268656715 0.1475 0.37350746268656715 0.1475 0.5962126865671642 0.053125 0.5962126865671642
2 0.175 0.29514925373134326 0.24750000000000003 0.29514925373134326 0.24750000000000003 0.46792910447761193 0.175 0.46792910447761193
2 0.2604166666666667 0.2391744402985075 0.35750000000000004 0.2391744402985075 0.35750000000000004 0.3993143656716418 0.2604166666666667 0.3993143656716418
3 0.29791666666666666 0.37910914179104477 0.44249999999999995 0.37910914179104477 0.44249999999999995 0.5380363805970149 0.29791666666666666 0.5380363805970149