3 0.5364583333333334 0.31754197761194025 0.7291666666666666 0.31754197761194025 0.7291666666666666 0.4843423507462687 0.5364583333333334 0.4843423507462687
3 0.54375 0.5227565298507463 0.6425 0.5227565298507463 0.6425 0.6051539179104477 0.54375 0.6051539179104477
1 0.43750000000000006 0.32499999999999996 0.7025000000000001 0.32499999999999996 0.7025000000000001 0.7349253731343284 0.43750000000000006 0.7349253731343284
1 0.2791666666666667 0.47798507462686574 0.6133333333333333 0.47798507462686574 0.6133333333333333 1 0.2791666666666667 1
2 0.009375 0.41455223880597014 0.09166666666666666 0.41455223880597014 0.09166666666666666 0.6200746268656716 0.009375 0.6200746268656716
2 0.18229166666666666 0.30634328358208956 0.2758333333333333 0.30634328358208956 0.2758333333333333 0.5007462686567165 0.18229166666666666 0.5007462686567165
2 0.23854166666666668 0.2429151119402985 0.3 0.2429151119402985 0.3 0.4485401119402985 0.23854166666666668 0.4485401119402985
2 0.290625 0.22052705223880595 0.38083333333333336 0.22052705223880595 0.38083333333333336 0.3605363805970149 0.290625 0.3605363805970149
1 0.34249999999999997 0.18880597014925374 0.515625 0.18880597014925374 0.515625 0.3844029850746269 0.34249999999999997 0.3844029850746269
3 0.09583333333333334 0.5488805970149254 0.23249999999999998 0.5488805970149254 0.23249999999999998 0.7677425373134328 0.09583333333333334 0.7677425373134328
3 0 0.7559748134328358 0.03666666666666667 0.7559748134328358 0.03666666666666667 0.928838619402985 0 0.928838619402985
3 0.30833333333333335 0.3623087686567164 0.43416666666666665 0.3623087686567164 0.43416666666666665 0.4917957089552239 0.30833333333333335 0.4917957089552239