0 0.8375 0.19066697761194032 1 0.19066697761194032 1 0.6349860074626866 0.8375 0.6349860074626866
1 0.6125 0.13097481343283585 0.8191666666666667 0.13097481343283585 0.8191666666666667 0.42169309701492536 0.6125 0.42169309701492536
1 0.4833333333333333 0.2373134328358209 0.7641666666666665 0.2373134328358209 0.7641666666666665 0.5932276119402986 0.4833333333333333 0.5932276119402986
3 0.4010416666666667 0.4313432835820895 0.6158333333333333 0.4313432835820895 0.6158333333333333 0.6827238805970149 0.4010416666666667 0.6827238805970149
3 0.23958333333333334 0.6063432835820896 0.4975 0.6063432835820896 0.4975 0.9691044776119404 0.23958333333333334 0.9691044776119404
3 0.04375 0.7858208955223881 0.38083333333333336 0.7858208955223881 0.38083333333333336 1 0.04375 1
3 0 0.6454804104477612 0.16 0.6454804104477612 0.16 0.892168843283582 0 0.892168843283582
3 0.08958333333333333 0.574589552238806 0.245 0.574589552238806 0.245 0.757929104477612 0.08958333333333333 0.757929104477612
1 0.18125 0.31380130597014927 0.3766666666666667 0.31380130597014927 0.3766666666666667 0.5507695895522389 0.18125 0.5507695895522389
2 0.1125 0.32126399253731347 0.19083333333333333 0.32126399253731347 0.19083333333333333 0.5507695895522389 0.1125 0.5507695895522389
1 0.2989583333333333 0.2261194029850746 0.44583333333333336 0.2261194029850746 0.44583333333333336 0.38072761194029847 0.2989583333333333 0.38072761194029847
2 0.30833333333333335 0.20186567164179103 0.38999999999999996 0.20186567164179103 0.38999999999999996 0.33151119402985074 0.30833333333333335 0.33151119402985074