1 0.46041666666666675 0.16082089552238807 0.6358333333333335 0.16082089552238807 0.6358333333333335 0.3187686567164179 0.46041666666666675 0.3187686567164179
2 0.19479166666666667 0.25037313432835817 0.325 0.25037313432835817 0.325 0.4052798507462687 0.19479166666666667 0.4052798507462687
2 0.016666666666666666 0.429472947761194 0.08833333333333333 0.429472947761194 0.08833333333333333 0.6379710820895522 0.016666666666666666 0.6379710820895522
2 0 0.4462686567164179 0.04083333333333334 0.4462686567164179 0.04083333333333334 0.6752611940298507 0 0.6752611940298507
2 0.3 0.22052705223880598 0.3633333333333333 0.22052705223880598 0.3633333333333333 0.42020055970149256 0.3 0.42020055970149256
3 0.5177083333333333 0.31940298507462683 0.7158333333333334 0.31940298507462683 0.7158333333333334 0.4694216417910448 0.5177083333333333 0.4694216417910448
3 0.503125 0.36604477611940295 0.6941666666666667 0.36604477611940295 0.6941666666666667 0.5544402985074627 0.503125 0.5544402985074627
3 0.4125 0.4593283582089552 0.6266666666666667 0.4593283582089552 0.6266666666666667 0.6752611940298507 0.4125 0.6752611940298507
3 0.23333333333333334 0.6029897388059702 0.4775 0.6029897388059702 0.4775 0.9840251865671642 0.23333333333333334 0.9840251865671642
3 0.08229166666666667 0.7354477611940299 0.4066666666666666 0.7354477611940299 0.4066666666666666 1 0.08229166666666667 1
3 0.08333333333333333 0.5113432835820895 0.23666666666666666 0.5113432835820895 0.23666666666666666 0.828955223880597 0.08333333333333333 0.828955223880597
3 0.2875 0.36231343283582085 0.44500000000000006 0.36231343283582085 0.44500000000000006 0.548526119402985 0.2875 0.548526119402985