1 0.45625 0.3343330223880597 0.7383333333333333 0.3343330223880597 0.7383333333333333 0.7170289179104478 0.45625 0.7170289179104478
1 0.04583333333333333 0.4052285447761194 0.19166666666666668 0.4052285447761194 0.19166666666666668 0.658857276119403 0.04583333333333333 0.658857276119403
2 0.01666666666666667 0.3996268656716418 0.08166666666666668 0.3996268656716418 0.08166666666666668 0.626044776119403 0.01666666666666667 0.626044776119403
2 0.175 0.30261194029850746 0.2708333333333333 0.30261194029850746 0.2708333333333333 0.4664365671641791 0.175 0.4664365671641791
2 0.2375 0.2652985074626866 0.3 0.2652985074626866 0.3 0.40975746268656715 0.2375 0.40975746268656715
2 0.315625 0.21119869402985078 0.3991666666666667 0.21119869402985078 0.3991666666666667 0.3635214552238806 0.315625 0.3635214552238806
3 0.09583333333333334 0.5638106343283582 0.23333333333333334 0.5638106343283582 0.23333333333333334 0.7781856343283581 0.09583333333333334 0.7781856343283581
3 0.3145833333333333 0.33246268656716416 0.4483333333333333 0.33246268656716416 0.4483333333333333 0.5275932835820896 0.3145833333333333 0.5275932835820896
3 0.2489583333333333 0.49291511194029847 0.4758333333333333 0.49291511194029847 0.4758333333333333 0.9571781716417911 0.2489583333333333 0.9571781716417911
3 0 0.7652985074626867 0.04833333333333333 0.7652985074626867 0.04833333333333333 0.9705970149253732 0 0.9705970149253732
3 0.5395833333333333 0.44067630597014923 0.7058333333333332 0.44067630597014923 0.7058333333333332 0.6006856343283582 0.5395833333333333 0.6006856343283582