1 0.56875 0.22798507462686565 0.7316666666666668 0.22798507462686565 0.7316666666666668 0.4664365671641791 0.56875 0.4664365671641791
2 0.23645833333333333 0.25970149253731345 0.3125 0.25970149253731345 0.3125 0.43511194029850747 0.23645833333333333 0.43511194029850747
2 0.021875 0.37537779850746267 0.16666666666666666 0.37537779850746267 0.16666666666666666 0.6006856343283582 0.021875 0.6006856343283582
3 0.46354166666666674 0.38283582089552237 0.6775000000000001 0.38283582089552237 0.6775000000000001 0.5842723880597015 0.46354166666666674 0.5842723880597015
3 0.4041666666666667 0.4593283582089552 0.6341666666666667 0.4593283582089552 0.6341666666666667 0.6782462686567164 0.4041666666666667 0.6782462686567164
3 0.25625 0.6067117537313433 0.5133333333333333 0.6067117537313433 0.5133333333333333 0.9631389925373135 0.25625 0.9631389925373135
3 0.12604166666666666 0.7429151119402986 0.38416666666666666 0.7429151119402986 0.38416666666666666 0.9855177238805971 0.12604166666666666 0.9855177238805971
3 0.008333333333333333 0.8847014925373136 0.1125 0.8847014925373136 0.1125 1 0.008333333333333333 1
3 0 0.7783582089552239 0.05 0.7783582089552239 0.05 0.887070895522388 0 0.887070895522388
3 0.075 0.6085774253731343 0.25916666666666666 0.6085774253731343 0.25916666666666666 0.8423180970149253 0.075 0.8423180970149253
3 0.1875 0.5059748134328358 0.3016666666666667 0.5059748134328358 0.3016666666666667 0.6871968283582089 0.1875 0.6871968283582089
3 0.303125 0.364179104477612 0.4883333333333333 0.364179104477612 0.4883333333333333 0.5574253731343284 0.303125 0.5574253731343284