2 0.33229166666666665 0.23544776119402988 0.4041666666666667 0.23544776119402988 0.4041666666666667 0.3500932835820896 0.33229166666666665 0.3500932835820896
2 0.26145833333333335 0.23544776119402985 0.34916666666666674 0.23544776119402985 0.34916666666666674 0.3844029850746269 0.26145833333333335 0.3844029850746269
2 0.15416666666666667 0.29514458955223877 0.29250000000000004 0.29514458955223877 0.29250000000000004 0.4306389925373134 0.15416666666666667 0.4306389925373134
2 0 0.45746735074626865 0.03833333333333333 0.45746735074626865 0.03833333333333333 0.6871968283582089 0 0.6871968283582089
3 0.10729166666666669 0.5638106343283582 0.2141666666666667 0.5638106343283582 0.2141666666666667 0.7513386194029851 0.10729166666666669 0.7513386194029851
3 0.09583333333333334 0.7298507462686568 0.3466666666666667 0.7298507462686568 0.3466666666666667 1 0.09583333333333334 1
3 0.4166666666666667 0.4294776119402985 0.6141666666666666 0.4294776119402985 0.6141666666666666 0.6707835820895522 0.4166666666666667 0.6707835820895522
3 0.47291666666666665 0.3511194029850746 0.6799999999999999 0.3511194029850746 0.6799999999999999 0.560410447761194 0.47291666666666665 0.560410447761194
3 0.5479166666666667 0.30448227611940304 0.6983333333333335 0.30448227611940304 0.6983333333333335 0.47837220149253734 0.5479166666666667 0.47837220149253734
3 0.328125 0.36231809701492534 0.4708333333333333 0.36231809701492534 0.4708333333333333 0.5126819029850747 0.328125 0.5126819029850747
1 0.209375 0.4723880597014925 0.5058333333333334 0.4723880597014925 0.5058333333333334 0.9154104477611941 0.209375 0.9154104477611941