1 0.5650000000000001 0.27089552238805975 0.790625 0.27089552238805975 0.790625 0.7901119402985075 0.5650000000000001 0.7901119402985075
1 0.3358333333333333 0.19066697761194035 0.4666666666666667 0.19066697761194035 0.4666666666666667 0.3993143656716418 0.3358333333333333 0.3993143656716418
1 0.10312500000000001 0.37537313432835817 0.2641666666666667 0.37537313432835817 0.2641666666666667 0.5917350746268657 0.10312500000000001 0.5917350746268657
1 0.2125 0.28395988805970146 0.3125 0.28395988805970146 0.3125 0.5380363805970149 0.2125 0.5380363805970149
2 0.1625 0.28768656716417906 0.2708333333333333 0.28768656716417906 0.2708333333333333 0.49477611940298505 0.1625 0.49477611940298505
3 0.46770833333333334 0.3436567164179104 0.6825 0.3436567164179104 0.6825 0.5902425373134328 0.46770833333333334 0.5902425373134328
3 0.39479166666666665 0.42014925373134326 0.615 0.42014925373134326 0.615 0.7065858208955224 0.39479166666666665 0.7065858208955224
3 0.23229166666666667 0.6123180970149253 0.4975 0.6123180970149253 0.4975 0.9527005597014926 0.23229166666666667 0.9527005597014926
3 0.071875 0.7764925373134329 0.38416666666666666 0.7764925373134329 0.38416666666666666 1 0.071875 1
3 0.004166666666666667 0.6701119402985074 0.16333333333333336 0.6701119402985074 0.16333333333333336 0.8484141791044776 0.004166666666666667 0.8484141791044776
3 0 0.8025792910447761 0.0275 0.8025792910447761 0.0275 0.9468610074626866 0 0.9468610074626866
3 0.09583333333333334 0.6029524253731343 0.25083333333333335 0.6029524253731343 0.25083333333333335 0.7410214552238806 0.09583333333333334 0.7410214552238806