3 0.5375 0.3212686567164179 0.7366666666666667 0.3212686567164179 0.7366666666666667 0.4664365671641791 0.5375 0.4664365671641791
3 0.4979166666666667 0.37910447761194027 0.6991666666666667 0.37910447761194027 0.6991666666666667 0.5559328358208956 0.4979166666666667 0.5559328358208956
3 0.4083333333333333 0.44439832089552245 0.5508333333333333 0.44439832089552245 0.5508333333333333 0.669295708955224 0.4083333333333333 0.669295708955224
3 0.3125 0.3604477611940298 0.49666666666666665 0.3604477611940298 0.49666666666666665 0.5827798507462687 0.3125 0.5827798507462687
3 0.25833333333333336 0.5973927238805969 0.4891666666666667 0.5973927238805969 0.4891666666666667 0.9870102611940299 0.25833333333333336 0.9870102611940299
3 0.10625 0.5861940298507462 0.225 0.5861940298507462 0.225 0.7319402985074627 0.10625 0.7319402985074627
2 0.24479166666666669 0.29327891791044775 0.3116666666666667 0.29327891791044775 0.3116666666666667 0.4888106343283582 0.24479166666666669 0.4888106343283582
2 0.10416666666666669 0.3623087686567164 0.22250000000000003 0.3623087686567164 0.22250000000000003 0.5454897388059702 0.10416666666666669 0.5454897388059702
2 0.04583333333333333 0.3529850746268656 0.13166666666666668 0.3529850746268656 0.13166666666666668 0.5842723880597015 0.04583333333333333 0.5842723880597015
1 0.45625 0.45 0.6291666666666667 0.45 0.6291666666666667 1 0.45625 1
1 0.14166666666666666 0.5582089552238807 0.3983333333333333 0.5582089552238807 0.3983333333333333 1 0.14166666666666666 1