1 0.6108333333333335 0.2298507462686567 0.8395833333333333 0.2298507462686567 0.8395833333333333 0.6454291044776119 0.6108333333333335 0.6454291044776119
1 0.4258333333333333 0.6477611940298508 0.909375 0.6477611940298508 0.909375 0.998936567164179 0.4258333333333333 0.998936567164179
1 0.14166666666666666 0.5880597014925374 0.415 0.5880597014925374 0.415 1 0.14166666666666666 1
1 0.12395833333333335 0.3455270522388059 0.31833333333333336 0.3455270522388059 0.31833333333333336 0.5693610074626866 0.12395833333333335 0.5693610074626866
1 0.17916666666666667 0.25596548507462685 0.3733333333333333 0.25596548507462685 0.3733333333333333 0.5216277985074628 0.17916666666666667 0.5216277985074628
1 0.41354166666666664 0.15336287313432836 0.545 0.15336287313432836 0.545 0.30534981343283585 0.41354166666666664 0.30534981343283585
1 0.5166666666666667 0.2130597014925373 0.7400000000000001 0.2130597014925373 0.7400000000000001 0.5067164179104479 0.5166666666666667 0.5067164179104479
3 0.409375 0.4611986940298508 0.6716666666666666 0.4611986940298508 0.6716666666666666 0.6916744402985074 0.409375 0.6916744402985074
3 0.340625 0.36417444029850743 0.4683333333333334 0.36417444029850743 0.4683333333333334 0.5201352611940299 0.340625 0.5201352611940299
3 0.18020833333333333 0.4817164179104477 0.345 0.4817164179104477 0.345 0.7095708955223881 0.18020833333333333 0.7095708955223881
0 0.6825 0.2802238805970149 0.9989583333333333 0.2802238805970149 0.9989583333333333 0.7065858208955224 0.6825 0.7065858208955224