0 0.8229166666666666 0.2111893656716418 1 0.2111893656716418 1 0.6066464552238806 0.8229166666666666 0.6066464552238806
1 0.5322916666666667 0.22238339552238803 0.755 0.22238339552238803 0.755 0.48731809701492534 0.5322916666666667 0.48731809701492534
3 0.000833333333333334 0.696268656716418 0.04333333333333333 0.696268656716418 0.04333333333333333 0.9452425373134328 0.000833333333333334 0.9452425373134328
3 0.10416666666666666 0.7130597014925374 0.34833333333333333 0.7130597014925374 0.34833333333333333 1 0.10416666666666666 1
3 0.21979166666666664 0.5544776119402984 0.4883333333333333 0.5544776119402984 0.4883333333333333 0.9169029850746269 0.21979166666666664 0.9169029850746269
3 0.31145833333333334 0.3548507462686567 0.4466666666666666 0.3548507462686567 0.4466666666666666 0.5022388059701492 0.31145833333333334 0.5022388059701492
3 0.45 0.3623134328358209 0.6966666666666667 0.3623134328358209 0.6966666666666667 0.5648880597014926 0.45 0.5648880597014926
3 0.365625 0.45745802238805966 0.6116666666666667 0.45745802238805966 0.6116666666666667 0.6379710820895522 0.365625 0.6379710820895522
3 0.07083333333333333 0.5936520522388059 0.22833333333333333 0.5936520522388059 0.22833333333333333 0.7826539179104479 0.07083333333333333 0.7826539179104479
2 0.18958333333333333 0.2690251865671642 0.2841666666666667 0.2690251865671642 0.2841666666666667 0.4559934701492538 0.18958333333333333 0.4559934701492538
2 0.25833333333333336 0.24663712686567163 0.3225 0.24663712686567163 0.3225 0.39632929104477616 0.25833333333333336 0.39632929104477616
2 0.30833333333333335 0.21492070895522392 0.39166666666666666 0.21492070895522392 0.39166666666666666 0.34263526119402987 0.30833333333333335 0.34263526119402987