1 0.55625 0.13469682835820898 0.6891666666666666 0.13469682835820898 0.6891666666666666 0.37097481343283584 0.55625 0.37097481343283584
1 0.678125 0.13097481343283582 0.8008333333333333 0.13097481343283582 0.8008333333333333 0.4485401119402985 0.678125 0.4485401119402985
1 0.32395833333333335 0.22238805970149253 0.46499999999999997 0.22238805970149253 0.46499999999999997 0.41274253731343286 0.32395833333333335 0.41274253731343286
2 0.20625 0.2615671641791045 0.28500000000000003 0.2615671641791045 0.28500000000000003 0.4440671641791045 0.20625 0.4440671641791045
3 0 0.7914225746268656 0.06416666666666666 0.7914225746268656 0.06416666666666666 0.9840251865671642 0 0.9840251865671642
3 0.03541666666666667 0.6402985074626867 0.13416666666666668 0.6402985074626867 0.13416666666666668 0.8840858208955223 0.03541666666666667 0.8840858208955223
3 0.12500000000000003 0.556338619402985 0.22666666666666668 0.556338619402985 0.22666666666666668 0.7826539179104479 0.12500000000000003 0.7826539179104479
3 0.23125000000000004 0.6011194029850747 0.4866666666666667 0.6011194029850747 0.4866666666666667 1 0.23125000000000004 1
3 0.09062500000000001 0.7279850746268658 0.34750000000000003 0.7279850746268658 0.34750000000000003 1 0.09062500000000001 1
3 0.3958333333333333 0.4070848880597015 0.6308333333333334 0.4070848880597015 0.6308333333333334 0.6991277985074626 0.3958333333333333 0.6991277985074626
3 0.47187500000000004 0.34365671641791046 0.6983333333333335 0.34365671641791046 0.6983333333333335 0.5574253731343284 0.47187500000000004 0.5574253731343284
3 0.55 0.2988805970149254 0.7408333333333333 0.2988805970149254 0.7408333333333333 0.4709141791044776 0.55 0.4709141791044776