1 0.7758333333333333 0.2652938432835821 0.9604166666666667 0.2652938432835821 0.9604166666666667 0.7886240671641791 0.7758333333333333 0.7886240671641791
1 0.6266666666666666 0.22798507462686568 0.8322916666666667 0.22798507462686568 0.8322916666666667 0.6707835820895522 0.6266666666666666 0.6707835820895522
1 0.48854166666666665 0.24104944029850744 0.7666666666666667 0.24104944029850744 0.7666666666666667 0.509696828358209 0.48854166666666665 0.509696828358209
1 0.10416666666666666 0.37164179104477607 0.2816666666666666 0.37164179104477607 0.2816666666666666 0.5320708955223881 0.10416666666666666 0.5320708955223881
1 0.18125 0.2727565298507463 0.39333333333333337 0.2727565298507463 0.39333333333333337 0.46047108208955223 0.18125 0.46047108208955223
1 0.4125 0.1458955223880597 0.5475 0.1458955223880597 0.5475 0.29490671641791044 0.4125 0.29490671641791044
1 0 0.7597014925373136 0.23166666666666666 0.7597014925373136 0.23166666666666666 1 0 1
3 0.1125 0.6832089552238807 0.38083333333333336 0.6832089552238807 0.38083333333333336 1 0.1125 1
3 0.40729166666666666 0.4759748134328358 0.6358333333333334 0.4759748134328358 0.6358333333333334 0.6901259328358208 0.40729166666666666 0.6901259328358208
3 0.159375 0.5244776119402985 0.32916666666666666 0.5244776119402985 0.32916666666666666 0.6826679104477611 0.159375 0.6826679104477611
3 0.3225 0.3602985074626866 0.45625 0.3602985074626866 0.45625 0.5006902985074627 0.3225 0.5006902985074627