1 0.47083333333333327 0.12723414179104475 0.6641666666666666 0.12723414179104475 0.6641666666666666 0.37246735074626863 0.47083333333333327 0.37246735074626863
1 0.2635416666666667 0.2652985074626866 0.39333333333333337 0.2652985074626866 0.39333333333333337 0.5246082089552239 0.2635416666666667 0.5246082089552239
1 0.08645833333333333 0.3249953358208955 0.28833333333333333 0.3249953358208955 0.28833333333333333 0.6051539179104478 0.08645833333333333 0.6051539179104478
3 0.4697916666666666 0.3548460820895522 0.6974999999999999 0.3548460820895522 0.6974999999999999 0.575321828358209 0.4697916666666666 0.575321828358209
3 0.4041666666666667 0.4350746268656716 0.5975 0.4350746268656716 0.5975 0.7021082089552239 0.4041666666666667 0.7021082089552239
3 0.13333333333333333 0.696268656716418 0.38999999999999996 0.696268656716418 0.38999999999999996 1 0.13333333333333333 1
3 0.15833333333333333 0.4835820895522388 0.32083333333333336 0.4835820895522388 0.32083333333333336 0.6424440298507462 0.15833333333333333 0.6424440298507462
3 0.09270833333333334 0.5917910447761194 0.245 0.5917910447761194 0.245 0.7364179104477612 0.09270833333333334 0.7364179104477612
3 0.00625 0.657089552238806 0.16666666666666666 0.657089552238806 0.16666666666666666 0.8542537313432835 0.00625 0.8542537313432835
3 0.0010416666666666667 0.8735027985074627 0.05583333333333333 0.8735027985074627 0.05583333333333333 0.9959561567164179 0.0010416666666666667 0.9959561567164179
2 0.315625 0.19627332089552235 0.38333333333333336 0.19627332089552235 0.38333333333333336 0.33219682835820896 0.315625 0.33219682835820896