1 0.5958333333333333 0.13470149253731342 0.7525000000000001 0.13470149253731342 0.7525000000000001 0.345615671641791 0.5958333333333333 0.345615671641791
1 0.69375 0.1720195895522388 0.8533333333333334 0.1720195895522388 0.8533333333333334 0.4843423507462687 0.69375 0.4843423507462687
1 0.34270833333333334 0.19067630597014928 0.4975 0.19067630597014928 0.4975 0.3635214552238806 0.34270833333333334 0.3635214552238806
3 0.5416666666666666 0.34738339552238806 0.7166666666666667 0.34738339552238806 0.7166666666666667 0.48731809701492534 0.5416666666666666 0.48731809701492534
3 0.45937500000000003 0.3604477611940299 0.6900000000000001 0.3604477611940299 0.6900000000000001 0.5574253731343284 0.45937500000000003 0.5574253731343284
3 0.4010416666666667 0.44253264925373137 0.5950000000000001 0.44253264925373137 0.5950000000000001 0.6394636194029851 0.4010416666666667 0.6394636194029851
3 0.21458333333333332 0.6402985074626866 0.49583333333333335 0.6402985074626866 0.49583333333333335 0.9154104477611941 0.21458333333333332 0.9154104477611941
3 0.0875 0.7186613805970149 0.35666666666666663 0.7186613805970149 0.35666666666666663 0.9825326492537314 0.0875 0.9825326492537314
3 0.12187499999999998 0.5805970149253732 0.24833333333333332 0.5805970149253732 0.24833333333333332 0.7677425373134328 0.12187499999999998 0.7677425373134328
3 0 0.6011147388059701 0.1825 0.6011147388059701 0.1825 0.873642723880597 0 0.873642723880597
3 0 0.7914179104477612 0.0775 0.7914179104477612 0.0775 0.9735820895522389 0 0.9735820895522389
2 0.21145833333333333 0.2578404850746268 0.27749999999999997 0.2578404850746268 0.27749999999999997 0.4545102611940299 0.21145833333333333 0.4545102611940299