1 0.8375 0.3193983208955224 0.9900000000000001 0.3193983208955224 0.9900000000000001 0.9959561567164179 0.8375 0.9959561567164179
1 0.496875 0.24851212686567162 0.7966666666666666 0.24851212686567162 0.7966666666666666 0.5991930970149254 0.496875 0.5991930970149254
1 0.2833333333333333 0.43134328358208956 0.5700000000000001 0.43134328358208956 0.5700000000000001 1 0.2833333333333333 1
1 0.13333333333333333 0.6104477611940299 0.41916666666666663 0.6104477611940299 0.41916666666666663 1 0.13333333333333333 1
1 0 0.4350699626865672 0.10250000000000001 0.4350699626865672 0.10250000000000001 0.7826539179104479 0 0.7826539179104479
1 0.21916666666666665 0.24478078358208957 0.3729166666666667 0.24478078358208957 0.3729166666666667 0.47837220149253734 0.21916666666666665 0.47837220149253734
1 0.3725 0.1832042910447761 0.50625 0.1832042910447761 0.50625 0.3381576492537313 0.3725 0.3381576492537313
2 0.153125 0.3063432835820895 0.2533333333333333 0.3063432835820895 0.2533333333333333 0.5261007462686568 0.153125 0.5261007462686568
3 0.17291666666666666 0.49104477611940306 0.30583333333333335 0.49104477611940306 0.30583333333333335 0.6737686567164178 0.17291666666666666 0.6737686567164178
3 0.35208333333333336 0.3548507462686567 0.48500000000000004 0.3548507462686567 0.48500000000000004 0.5261007462686568 0.35208333333333336 0.5261007462686568
3 0.4591666666666666 0.5395522388059703 0.6479166666666667 0.5395522388059703 0.6479166666666667 0.681231343283582 0.4591666666666666 0.681231343283582
3 0.5758333333333333 0.3697807835820896 0.7125 0.3697807835820896 0.7125 0.5141744402985076 0.5758333333333333 0.5141744402985076