3 0.5208333333333334 0.31753731343283587 0.7200000000000001 0.31753731343283587 0.7200000000000001 0.4649440298507463 0.5208333333333334 0.4649440298507463
3 0.4375 0.3567117537313433 0.6958333333333333 0.3567117537313433 0.6958333333333333 0.5454897388059702 0.4375 0.5454897388059702
3 0.4041666666666667 0.42201492537313434 0.64 0.42201492537313434 0.64 0.681231343283582 0.4041666666666667 0.681231343283582
3 0.22916666666666666 0.6235074626865672 0.5 0.6235074626865672 0.5 0.9183955223880597 0.22916666666666666 0.9183955223880597
3 0.0625 0.8473880597014927 0.36000000000000004 0.8473880597014927 0.36000000000000004 1 0.0625 1
3 0.11354166666666667 0.6085820895522388 0.24666666666666667 0.6085820895522388 0.24666666666666667 0.7707276119402984 0.11354166666666667 0.7707276119402984
3 0.013541666666666674 0.6533535447761194 0.14666666666666667 0.6533535447761194 0.14666666666666667 0.8169636194029851 0.013541666666666674 0.8169636194029851
3 0 0.8044776119402984 0.045000000000000005 0.8044776119402984 0.045000000000000005 0.981044776119403 0 0.981044776119403
2 0.16666666666666666 0.29514925373134326 0.23500000000000001 0.29514925373134326 0.23500000000000001 0.5261007462686568 0.16666666666666666 0.5261007462686568
1 0.378125 0.2037266791044776 0.5241666666666667 0.2037266791044776 0.5241666666666667 0.36798973880597013 0.378125 0.36798973880597013
1 0.5425 0.4649300373134328 0.8833333333333333 0.4649300373134328 0.8833333333333333 0.9840251865671642 0.5425 0.9840251865671642
0 0.7197916666666667 0.33059235074626864 0.9866666666666667 0.33059235074626864 0.9866666666666667 0.724482276119403 0.7197916666666667 0.724482276119403