1 0.6541666666666667 0.14776119402985075 0.8349999999999999 0.14776119402985075 0.8349999999999999 0.4410820895522388 0.6541666666666667 0.4410820895522388
1 0.5166666666666667 0.22611473880597013 0.8125 0.22611473880597013 0.8125 0.6111240671641791 0.5166666666666667 0.6111240671641791
1 0.32083333333333336 0.4537313432835821 0.6291666666666667 0.4537313432835821 0.6291666666666667 0.9780597014925373 0.32083333333333336 0.9780597014925373
1 0.10520833333333333 0.5208955223880598 0.43083333333333335 0.5208955223880598 0.43083333333333335 1 0.10520833333333333 1
1 0.06666666666666667 0.34738339552238806 0.275 0.34738339552238806 0.275 0.6543330223880597 0.06666666666666667 0.6543330223880597
1 0.19583333333333333 0.2671688432835821 0.3375 0.2671688432835821 0.3375 0.4693796641791045 0.19583333333333333 0.4693796641791045
1 0.41354166666666664 0.16081623134328363 0.5316666666666666 0.16081623134328363 0.5316666666666666 0.3246875 0.41354166666666664 0.3246875
3 0.4958333333333333 0.32499999999999996 0.7224999999999999 0.32499999999999996 0.7224999999999999 0.5081529850746269 0.4958333333333333 0.5081529850746269
3 0.328125 0.36790578358208953 0.4716666666666666 0.36790578358208953 0.4716666666666666 0.47384794776119404 0.328125 0.47384794776119404
3 0.175 0.4817210820895522 0.29750000000000004 0.4817210820895522 0.29750000000000004 0.6468796641791044 0.175 0.6468796641791044
2 0.1625 0.31567164179104473 0.28500000000000003 0.31567164179104473 0.28500000000000003 0.42313432835820897 0.1625 0.42313432835820897