3 0.46354166666666674 0.3492490671641791 0.6858333333333334 0.3492490671641791 0.6858333333333334 0.575321828358209 0.46354166666666674 0.575321828358209
3 0.41041666666666665 0.4238805970149254 0.5975 0.4238805970149254 0.5975 0.681231343283582 0.41041666666666665 0.681231343283582
3 0.10729166666666666 0.7167910447761194 0.4058333333333334 0.7167910447761194 0.4058333333333334 1 0.10729166666666666 1
3 0.0010416666666666667 0.8119402985074627 0.06083333333333333 0.8119402985074627 0.06083333333333333 1 0.0010416666666666667 1
3 0.008333333333333333 0.6832089552238806 0.13916666666666666 0.6832089552238806 0.13916666666666666 0.8527611940298507 0.008333333333333333 0.8527611940298507
3 0.07812499999999999 0.5880550373134328 0.26499999999999996 0.5880550373134328 0.26499999999999996 0.7841464552238806 0.07812499999999999 0.7841464552238806
3 0.16770833333333332 0.5040998134328358 0.30333333333333334 0.5040998134328358 0.30333333333333334 0.6648180970149253 0.16770833333333332 0.6648180970149253
1 0.08833333333333335 0.325 0.265625 0.325 0.265625 0.6230597014925374 0.08833333333333335 0.6230597014925374
1 0.2677083333333333 0.2746222014925373 0.42083333333333334 0.2746222014925373 0.42083333333333334 0.4917957089552239 0.2677083333333333 0.4917957089552239
1 0.41833333333333333 0.15335820895522392 0.5510416666666667 0.15335820895522392 0.5510416666666667 0.37843283582089554 0.41833333333333333 0.37843283582089554
2 0.309375 0.2037266791044776 0.385 0.2037266791044776 0.385 0.3381576492537313 0.309375 0.3381576492537313