0 0.721875 0.2970149253731343 0.9658333333333334 0.2970149253731343 0.9658333333333334 0.7080783582089553 0.721875 0.7080783582089553
1 0.25104166666666666 0.28022854477611936 0.3966666666666666 0.28022854477611936 0.3966666666666666 0.4843423507462687 0.25104166666666666 0.4843423507462687
2 0.23333333333333334 0.25783582089552237 0.2966666666666667 0.25783582089552237 0.2966666666666667 0.4336194029850747 0.23333333333333334 0.4336194029850747
2 0.28958333333333336 0.22238339552238806 0.3991666666666667 0.22238339552238806 0.3991666666666667 0.33965018656716417 0.28958333333333336 0.33965018656716417
3 0.5666666666666667 0.33245802238805966 0.725 0.33245802238805966 0.725 0.48731809701492534 0.5666666666666667 0.48731809701492534
3 0.44583333333333325 0.36417444029850743 0.7183333333333333 0.36417444029850743 0.7183333333333333 0.5454897388059702 0.44583333333333325 0.5454897388059702
3 0.4041666666666667 0.45559701492537313 0.6 0.45559701492537313 0.6 0.6484141791044776 0.4041666666666667 0.6484141791044776
3 0.26145833333333335 0.4014925373134328 0.4058333333333334 0.4014925373134328 0.4058333333333334 0.5663805970149254 0.26145833333333335 0.5663805970149254
3 0.115625 0.5917863805970149 0.2341666666666667 0.5917863805970149 0.2341666666666667 0.7587919776119403 0.115625 0.7587919776119403
3 0.023958333333333335 0.6384375000000001 0.16 0.6384375000000001 0.16 0.8348647388059701 0.023958333333333335 0.8348647388059701
3 0 0.7727611940298509 0.04916666666666667 0.7727611940298509 0.04916666666666667 0.9407649253731343 0 0.9407649253731343
3 0.08333333333333333 0.7578358208955225 0.39416666666666667 0.7578358208955225 0.39416666666666667 1 0.08333333333333333 1