3 0.465625 0.33805503731343284 0.6883333333333332 0.33805503731343284 0.6883333333333332 0.5783069029850747 0.465625 0.5783069029850747
3 0.4 0.44440298507462683 0.6016666666666667 0.44440298507462683 0.6016666666666667 0.6782462686567164 0.4 0.6782462686567164
3 0.24791666666666667 0.5712639925373134 0.48083333333333333 0.5712639925373134 0.48083333333333333 0.9601539179104478 0.24791666666666667 0.9601539179104478
3 0.12604166666666666 0.698134328358209 0.3783333333333333 0.698134328358209 0.3783333333333333 1 0.12604166666666666 1
3 0 0.8753731343283583 0.043333333333333335 0.8753731343283583 0.043333333333333335 1 0 1
3 0.0010416666666666667 0.6757416044776119 0.11833333333333333 0.6757416044776119 0.11833333333333333 0.8467957089552239 0.0010416666666666667 0.8467957089552239
3 0.08958333333333333 0.6104524253731343 0.22083333333333333 0.6104524253731343 0.22083333333333333 0.7781856343283581 0.08958333333333333 0.7781856343283581
3 0.18333333333333332 0.5059654850746268 0.29583333333333334 0.5059654850746268 0.29583333333333334 0.6379710820895522 0.18333333333333332 0.6379710820895522
3 0.2916666666666667 0.33059235074626864 0.4791666666666667 0.33059235074626864 0.4791666666666667 0.5186427238805971 0.2916666666666667 0.5186427238805971
1 0.09 0.3567164179104477 0.29375 0.3567164179104477 0.29375 0.6215671641791045 0.09 0.6215671641791045
1 0 0.39036847014925374 0.013333333333333334 0.39036847014925374 0.013333333333333334 0.40336287313432834 0 0.40336287313432834
2 0.2875 0.21866138059701493 0.39249999999999996 0.21866138059701493 0.39249999999999996 0.39036847014925374 0.2875 0.39036847014925374