0 0.8416666666666667 0.2130643656716418 1 0.2130643656716418 1 0.6290251865671642 0.8416666666666667 0.6290251865671642
3 0.5302083333333334 0.3119449626865672 0.7275000000000001 0.3119449626865672 0.7275000000000001 0.47837220149253734 0.5302083333333334 0.47837220149253734
3 0.46875 0.3623087686567164 0.6925 0.3623087686567164 0.6925 0.5484748134328359 0.46875 0.5484748134328359
3 0.23854166666666668 0.5488852611940298 0.5066666666666666 0.5488852611940298 0.5066666666666666 0.9557229477611942 0.23854166666666668 0.9557229477611942
3 0.31666666666666665 0.38656716417910447 0.4616666666666667 0.38656716417910447 0.4616666666666667 0.4933208955223881 0.31666666666666665 0.4933208955223881
3 0.10208333333333333 0.5731296641791045 0.23833333333333334 0.5731296641791045 0.23833333333333334 0.7528591417910449 0.10208333333333333 0.7528591417910449
3 0.0010416666666666667 0.7354477611940299 0.03833333333333333 0.7354477611940299 0.03833333333333333 0.9482649253731343 0.0010416666666666667 0.9482649253731343
1 0 0.44066697761194024 0.09583333333333334 0.44066697761194024 0.09583333333333334 0.6648554104477611 0 0.6648554104477611
2 0.010416666666666666 0.41081623134328354 0.09000000000000001 0.41081623134328354 0.09000000000000001 0.6111613805970149 0.010416666666666666 0.6111613805970149
2 0.178125 0.29701958955223884 0.27666666666666667 0.29701958955223884 0.27666666666666667 0.48139458955223885 0.178125 0.48139458955223885
2 0.240625 0.2578311567164179 0.3141666666666667 0.2578311567164179 0.3141666666666667 0.4261986940298507 0.240625 0.4261986940298507
2 0.31354166666666666 0.2130550373134328 0.40083333333333326 0.2130550373134328 0.40083333333333326 0.3695195895522388 0.31354166666666666 0.3695195895522388