1 0.4625 0.1608208955223881 0.6366666666666667 0.1608208955223881 0.6366666666666667 0.3575559701492537 0.4625 0.3575559701492537
2 0.054166666666666675 0.37910447761194027 0.13416666666666668 0.37910447761194027 0.13416666666666668 0.5663805970149254 0.054166666666666675 0.5663805970149254
2 0.1125 0.3455270522388059 0.2033333333333333 0.3455270522388059 0.2033333333333333 0.5410214552238806 0.1125 0.5410214552238806
3 0.46458333333333335 0.3623087686567164 0.6916666666666667 0.3623087686567164 0.6916666666666667 0.546982276119403 0.46458333333333335 0.546982276119403
3 0.40729166666666666 0.4518610074626866 0.6141666666666666 0.4518610074626866 0.6141666666666666 0.6663106343283582 0.40729166666666666 0.6663106343283582
3 0.24583333333333332 0.5600746268656717 0.49583333333333335 0.5600746268656717 0.49583333333333335 0.9691044776119404 0.24583333333333332 0.9691044776119404
3 0.11979166666666667 0.7074626865671643 0.40166666666666667 0.7074626865671643 0.40166666666666667 1 0.11979166666666667 1
3 0.003125 0.8585820895522389 0.0875 0.8585820895522389 0.0875 1 0.003125 1
3 0.10729166666666666 0.5880550373134328 0.20500000000000002 0.5880550373134328 0.20500000000000002 0.7572994402985075 0.10729166666666666 0.7572994402985075
3 0.18333333333333332 0.5003731343283582 0.30083333333333334 0.5003731343283582 0.30083333333333334 0.7095708955223881 0.18333333333333332 0.7095708955223881
3 0.3125 0.38097014925373135 0.4791666666666667 0.38097014925373135 0.4791666666666667 0.5261007462686568 0.3125 0.5261007462686568