0 0.7427083333333333 0.2839552238805971 1 0.2839552238805971 1 0.6842164179104477 0.7427083333333333 0.6842164179104477
1 0.46041666666666675 0.15335820895522387 0.6900000000000001 0.15335820895522387 0.6900000000000001 0.35158582089552237 0.46041666666666675 0.35158582089552237
1 0.190625 0.29328358208955224 0.3375 0.29328358208955224 0.3375 0.4694216417910448 0.190625 0.4694216417910448
1 0.3408333333333334 0.20186567164179106 0.42916666666666664 0.20186567164179106 0.42916666666666664 0.3844029850746269 0.3408333333333334 0.3844029850746269
2 0.3 0.20186567164179103 0.3725 0.20186567164179103 0.3725 0.37992537313432834 0.3 0.37992537313432834
3 0 0.7578404850746269 0.042499999999999996 0.7578404850746269 0.042499999999999996 0.9840251865671642 0 0.9840251865671642
3 0.028125 0.6458955223880597 0.13583333333333333 0.6458955223880597 0.13583333333333333 0.8587313432835821 0.028125 0.8587313432835821
3 0.11666666666666668 0.5638013059701492 0.2016666666666667 0.5638013059701492 0.2016666666666667 0.7826539179104479 0.11666666666666668 0.7826539179104479
3 0.40312499999999996 0.45000466417910445 0.6641666666666666 0.45000466417910445 0.6641666666666666 0.7170289179104478 0.40312499999999996 0.7170289179104478
3 0.4572916666666666 0.3306016791044776 0.6933333333333332 0.3306016791044776 0.6933333333333332 0.5708535447761195 0.4572916666666666 0.5708535447761195
3 0.296875 0.38097014925373135 0.4683333333333334 0.38097014925373135 0.4683333333333334 0.5544402985074627 0.296875 0.5544402985074627