0 0.7145833333333333 0.31567164179104473 0.9941666666666668 0.31567164179104473 0.9941666666666668 0.7125559701492538 0.7145833333333333 0.7125559701492538
1 0.7760416666666666 0.19812966417910446 0.8658333333333333 0.19812966417910446 0.8658333333333333 0.546982276119403 0.7760416666666666 0.546982276119403
1 0.06979166666666668 0.40336287313432834 0.2141666666666667 0.40336287313432834 0.2141666666666667 0.5738386194029851 0.06979166666666668 0.5738386194029851
1 0.4614583333333334 0.18134794776119406 0.6316666666666667 0.18134794776119406 0.6316666666666667 0.3650139925373134 0.4614583333333334 0.3650139925373134
3 0.48645833333333327 0.3268656716417911 0.7058333333333332 0.3268656716417911 0.7058333333333332 0.5648880597014926 0.48645833333333327 0.5648880597014926
3 0.38333333333333336 0.42760727611940297 0.65 0.42760727611940297 0.65 0.6633255597014925 0.38333333333333336 0.6633255597014925
3 0.30104166666666665 0.36231343283582085 0.4575000000000001 0.36231343283582085 0.4575000000000001 0.4962686567164179 0.30104166666666665 0.4962686567164179
3 0.09375000000000001 0.6104477611940299 0.24333333333333335 0.6104477611940299 0.24333333333333335 0.7647574626865672 0.09375000000000001 0.7647574626865672
3 0.008333333333333333 0.677607276119403 0.1475 0.677607276119403 0.1475 0.8438106343283582 0.008333333333333333 0.8438106343283582
2 0.1625 0.3026119402985075 0.27166666666666667 0.3026119402985075 0.27166666666666667 0.4709141791044776 0.1625 0.4709141791044776
2 0.31979166666666664 0.21305503731343287 0.3975 0.21305503731343287 0.3975 0.37097481343283584 0.31979166666666664 0.37097481343283584