2 0.17083333333333334 0.2839552238805971 0.29 0.2839552238805971 0.29 0.46345149253731344 0.17083333333333334 0.46345149253731344
2 0.2583333333333333 0.22985541044776117 0.3341666666666666 0.22985541044776117 0.3341666666666666 0.42467817164179106 0.2583333333333333 0.42467817164179106
2 0.3125 0.2149300373134328 0.3766666666666667 0.2149300373134328 0.3766666666666667 0.3888759328358209 0.3125 0.3888759328358209
2 0 0.43134328358208956 0.0775 0.43134328358208956 0.0775 0.6469216417910447 0 0.6469216417910447
2 0 0.46306436567164183 0.045000000000000005 0.46306436567164183 0.045000000000000005 0.715536380597015 0 0.715536380597015
3 0.11145833333333331 0.5787313432835821 0.22749999999999998 0.5787313432835821 0.22749999999999998 0.7632649253731343 0.11145833333333331 0.7632649253731343
3 0.09166666666666666 0.7223880597014927 0.3541666666666667 0.7223880597014927 0.3541666666666667 1 0.09166666666666666 1
3 0.28958333333333336 0.5600699626865672 0.48500000000000004 0.5600699626865672 0.48500000000000004 0.9959561567164179 0.28958333333333336 0.9959561567164179
3 0.39166666666666666 0.4406716417910448 0.6258333333333332 0.4406716417910448 0.6258333333333332 0.681231343283582 0.39166666666666666 0.681231343283582
3 0.31875 0.3511194029850746 0.48416666666666663 0.3511194029850746 0.48416666666666663 0.5275932835820896 0.31875 0.5275932835820896
3 0.48125 0.3548507462686567 0.6833333333333333 0.3548507462686567 0.6833333333333333 0.5350559701492538 0.48125 0.5350559701492538
3 0.5395833333333333 0.3100746268656716 0.7141666666666666 0.3100746268656716 0.7141666666666666 0.4738992537313433 0.5395833333333333 0.4738992537313433