0 0.8447916666666667 0.18507462686567164 1 0.18507462686567164 1 0.6215671641791045 0.8447916666666667 0.6215671641791045
2 0.315625 0.19813432835820893 0.3983333333333333 0.19813432835820893 0.3983333333333333 0.345615671641791 0.315625 0.345615671641791
2 0.24895833333333334 0.22798973880597012 0.365 0.22798973880597012 0.365 0.3888759328358209 0.24895833333333334 0.3888759328358209
2 0.08645833333333333 0.3417957089552239 0.22 0.3417957089552239 0.22 0.4545102611940299 0.08645833333333333 0.4545102611940299
1 0.07083333333333333 0.3884375 0.24166666666666667 0.3884375 0.24166666666666667 0.5738386194029851 0.07083333333333333 0.5738386194029851
1 0.19270833333333334 0.302607276119403 0.305 0.302607276119403 0.305 0.5797994402985075 0.19270833333333334 0.5797994402985075
3 0 0.6626819029850746 0.1325 0.6626819029850746 0.1325 0.8781203358208955 0 0.8781203358208955
3 0.10208333333333333 0.6776119402985076 0.38999999999999996 0.6776119402985076 0.38999999999999996 1 0.10208333333333333 1
3 0.14270833333333333 0.5582089552238806 0.255 0.5582089552238806 0.255 0.7632649253731343 0.14270833333333333 0.7632649253731343
3 0.22395833333333334 0.6104477611940299 0.4983333333333333 0.6104477611940299 0.4983333333333333 0.9780597014925373 0.22395833333333334 0.9780597014925373
3 0.4552083333333334 0.32499999999999996 0.6858333333333334 0.32499999999999996 0.6858333333333334 0.5633955223880598 0.4552083333333334 0.5633955223880598
3 0.41041666666666665 0.4369402985074627 0.6041666666666666 0.4369402985074627 0.6041666666666666 0.6797388059701492 0.41041666666666665 0.6797388059701492