0 0.8197916666666667 0.19439832089552242 1 0.19439832089552242 1 0.6081389925373134 0.8197916666666667 0.6081389925373134
1 0.59375 0.31007929104477616 0.8116666666666668 0.31007929104477616 0.8116666666666668 0.8095102611940299 0.59375 0.8095102611940299
1 0.5156249999999999 0.2429151119402985 0.7599999999999999 0.2429151119402985 0.7599999999999999 0.5991930970149254 0.5156249999999999 0.5991930970149254
1 0.017708333333333333 0.3940345149253731 0.13333333333333333 0.3940345149253731 0.13333333333333333 0.6603498134328358 0.017708333333333333 0.6603498134328358
1 0.14416666666666664 0.33059701492537313 0.30833333333333335 0.33059701492537313 0.30833333333333335 0.6126119402985075 0.14416666666666664 0.6126119402985075
2 0.13 0.33993003731343285 0.16666666666666666 0.33993003731343285 0.16666666666666666 0.5723460820895523 0.13 0.5723460820895523
2 0.3025 0.20746268656716416 0.425 0.20746268656716416 0.425 0.35158582089552237 0.3025 0.35158582089552237
1 0.31875 0.22612406716417907 0.46333333333333326 0.22612406716417907 0.46333333333333326 0.4545102611940299 0.31875 0.4545102611940299
3 0.4041666666666667 0.42761660447761196 0.6091666666666666 0.42761660447761196 0.6091666666666666 0.6886893656716419 0.4041666666666667 0.6886893656716419
3 0.2145833333333333 0.6011194029850747 0.5466666666666666 0.6011194029850747 0.5466666666666666 0.9377798507462686 0.2145833333333333 0.9377798507462686
3 0.11666666666666667 0.6869402985074627 0.38333333333333336 0.6869402985074627 0.38333333333333336 1 0.11666666666666667 1
3 0.00625 0.6231343283582089 0.16833333333333333 0.6231343283582089 0.16833333333333333 0.8362126865671643 0.00625 0.8362126865671643