3 0.4510416666666667 0.3697714552238806 0.705 0.3697714552238806 0.705 0.5499673507462687 0.4510416666666667 0.5499673507462687
3 0.39895833333333336 0.42760727611940297 0.6375 0.42760727611940297 0.6375 0.6946501865671642 0.39895833333333336 0.6946501865671642
3 0.3385416666666667 0.3641837686567164 0.4666666666666667 0.3641837686567164 0.4666666666666667 0.5082042910447762 0.3385416666666667 0.5082042910447762
3 0.2375 0.5787313432835821 0.5541666666666667 0.5787313432835821 0.5541666666666667 0.9198880597014926 0.2375 0.9198880597014926
3 0.06666666666666667 0.6888059701492538 0.3766666666666667 0.6888059701492538 0.3766666666666667 1 0.06666666666666667 1
3 0.13020833333333331 0.6235074626865671 0.24416666666666664 0.6235074626865671 0.24416666666666664 0.7125559701492538 0.13020833333333331 0.7125559701492538
2 0.22375 0.23544776119402985 0.2783333333333333 0.23544776119402985 0.2783333333333333 0.476884328358209 0.22375 0.476884328358209
2 0.2541666666666667 0.2429151119402985 0.31583333333333335 0.2429151119402985 0.31583333333333335 0.3888759328358209 0.2541666666666667 0.3888759328358209
2 0.30104166666666665 0.2298554104477612 0.36833333333333335 0.2298554104477612 0.36833333333333335 0.3620289179104478 0.30104166666666665 0.3620289179104478
2 0.315625 0.20746735074626865 0.39166666666666666 0.20746735074626865 0.39166666666666666 0.3336893656716418 0.315625 0.3336893656716418
1 0.017708333333333333 0.441044776119403 0.19416666666666668 0.441044776119403 0.19416666666666668 0.6424440298507463 0.017708333333333333 0.6424440298507463