1 0.18916666666666668 0.2764972014925373 0.328125 0.2764972014925373 0.328125 0.47986473880597014 0.18916666666666668 0.47986473880597014
1 0.6135416666666667 0.12351212686567162 0.8275000000000001 0.12351212686567162 0.8275000000000001 0.39484608208955224 0.6135416666666667 0.39484608208955224
1 0.2760416666666667 0.4574626865671642 0.5041666666666667 0.4574626865671642 0.5041666666666667 1 0.2760416666666667 1
3 0.08020833333333331 0.6794776119402985 0.3441666666666666 0.6794776119402985 0.3441666666666666 1 0.08020833333333331 1
3 0.11354166666666667 0.573134328358209 0.22083333333333333 0.573134328358209 0.22083333333333333 0.7647574626865672 0.11354166666666667 0.7647574626865672
3 0.3958333333333333 0.45000466417910445 0.6375 0.45000466417910445 0.6375 0.6901819029850746 0.3958333333333333 0.6901819029850746
3 0.43333333333333335 0.35485541044776114 0.6791666666666667 0.35485541044776114 0.6791666666666667 0.5678684701492537 0.43333333333333335 0.5678684701492537
3 0.31666666666666665 0.3417957089552239 0.45249999999999996 0.3417957089552239 0.45249999999999996 0.48284981343283584 0.31666666666666665 0.48284981343283584
2 0.16666666666666666 0.28768656716417906 0.23083333333333336 0.28768656716417906 0.23083333333333336 0.4664365671641791 0.16666666666666666 0.4664365671641791
2 0.23125 0.2746268656716418 0.2866666666666667 0.2746268656716418 0.2866666666666667 0.4455597014925373 0.23125 0.4455597014925373
2 0.2864583333333333 0.23544776119402988 0.3441666666666666 0.23544776119402988 0.3441666666666666 0.41423507462686565 0.2864583333333333 0.41423507462686565