1 0.6650000000000001 0.16828358208955224 0.8458333333333333 0.16828358208955224 0.8458333333333333 0.5335634328358209 0.6650000000000001 0.5335634328358209
1 0.11145833333333334 0.3567164179104477 0.2783333333333333 0.3567164179104477 0.2783333333333333 0.6126119402985074 0.11145833333333334 0.6126119402985074
3 0.4666666666666667 0.3417910447761194 0.6916666666666667 0.3417910447761194 0.6916666666666667 0.560410447761194 0.4666666666666667 0.560410447761194
3 0.403125 0.44813899253731343 0.6041666666666666 0.44813899253731343 0.6041666666666666 0.6871968283582089 0.403125 0.6871968283582089
3 0.25833333333333336 0.6104477611940299 0.4975 0.6104477611940299 0.4975 0.9735820895522387 0.25833333333333336 0.9735820895522387
3 0.11770833333333333 0.7111940298507463 0.4141666666666667 0.7111940298507463 0.4141666666666667 1 0.11770833333333333 1
3 0 0.8529850746268658 0.0625 0.8529850746268658 0.0625 1 0 1
3 0.003125 0.679472947761194 0.13499999999999998 0.679472947761194 0.13499999999999998 0.8751352611940298 0.003125 0.8751352611940298
3 0.08958333333333333 0.6011194029850746 0.24916666666666665 0.6011194029850746 0.24916666666666665 0.7617723880597015 0.08958333333333333 0.7617723880597015
2 0.1625 0.2914132462686567 0.25583333333333336 0.2914132462686567 0.25583333333333336 0.4917957089552239 0.1625 0.4917957089552239
2 0.209375 0.2727611940298508 0.3141666666666667 0.2727611940298508 0.3141666666666667 0.4366044776119403 0.209375 0.4366044776119403