0 0.8364583333333333 0.18694496268656716 1 0.18694496268656716 1 0.5991930970149254 0.8364583333333333 0.5991930970149254
3 0.465625 0.35485541044776114 0.7125 0.35485541044776114 0.7125 0.5738386194029851 0.465625 0.5738386194029851
3 0.40729166666666666 0.44440298507462683 0.6075 0.44440298507462683 0.6075 0.6827238805970149 0.40729166666666666 0.6827238805970149
3 0.23333333333333334 0.6160494402985075 0.5141666666666667 0.6160494402985075 0.5141666666666667 0.9556856343283583 0.23333333333333334 0.9556856343283583
3 0.13645833333333332 0.7279850746268658 0.3958333333333333 0.7279850746268658 0.3958333333333333 1 0.13645833333333332 1
3 0 0.6645522388059701 0.14666666666666667 0.6645522388059701 0.14666666666666667 0.8670149253731343 0 0.8670149253731343
3 0.10104166666666665 0.5806016791044776 0.23999999999999996 0.5806016791044776 0.23999999999999996 0.7640998134328358 0.10104166666666665 0.7640998134328358
1 0.128125 0.37350279850746265 0.28833333333333333 0.37350279850746265 0.28833333333333333 0.6477472014925373 0.128125 0.6477472014925373
1 0.18333333333333332 0.2914179104477612 0.30416666666666664 0.2914179104477612 0.30416666666666664 0.5955410447761195 0.18333333333333332 0.5955410447761195
2 0.2520833333333333 0.22611940298507463 0.3633333333333333 0.22611940298507463 0.3633333333333333 0.4001492537313433 0.2520833333333333 0.4001492537313433
2 0.30833333333333335 0.21679104477611938 0.39416666666666667 0.21679104477611938 0.39416666666666667 0.3673320895522388 0.30833333333333335 0.3673320895522388