0 0.7260416666666667 0.28769123134328356 1 0.28769123134328356 1 0.7170289179104478 0.7260416666666667 0.7170289179104478
2 0.13958333333333334 0.2802285447761194 0.2175 0.2802285447761194 0.2175 0.5082042910447762 0.13958333333333334 0.5082042910447762
1 0.35833333333333334 0.19626865671641788 0.515 0.19626865671641788 0.515 0.3590485074626866 0.35833333333333334 0.3590485074626866
3 0.24479166666666663 0.6272341417910448 0.49666666666666665 0.6272341417910448 0.49666666666666665 0.9318143656716418 0.24479166666666663 0.9318143656716418
1 0.32083333333333336 0.6832089552238807 0.7383333333333333 0.6832089552238807 0.7383333333333333 1 0.32083333333333336 1
3 0.07708333333333334 0.7234701492537313 0.31166666666666665 0.7234701492537313 0.31166666666666665 1 0.07708333333333334 1
3 0.5520833333333334 0.30821361940298503 0.7266666666666666 0.30821361940298503 0.7266666666666666 0.471767723880597 0.5520833333333334 0.471767723880597
3 0.4625 0.3511194029850746 0.7283333333333334 0.3511194029850746 0.7283333333333334 0.6030223880597015 0.4625 0.6030223880597015
3 0.3958333333333333 0.42201492537313434 0.6466666666666666 0.42201492537313434 0.6466666666666666 0.6686567164179104 0.3958333333333333 0.6686567164179104
3 0.09270833333333335 0.5787313432835821 0.24333333333333335 0.5787313432835821 0.24333333333333335 0.7342910447761194 0.09270833333333335 0.7342910447761194
3 0.020833333333333332 0.657089552238806 0.1525 0.657089552238806 0.1525 0.8446641791044777 0.020833333333333332 0.8446641791044777
3 0 0.7690345149253731 0.07416666666666667 0.7690345149253731 0.07416666666666667 0.9460960820895522 0 0.9460960820895522