1 0.6625 0.20560167910447763 0.8450000000000001 0.20560167910447763 0.8450000000000001 0.5440065298507463 0.6625 0.5440065298507463
3 0.4697916666666667 0.36231343283582085 0.6858333333333334 0.36231343283582085 0.6858333333333334 0.5842723880597015 0.4697916666666667 0.5842723880597015
3 0.41041666666666665 0.4388059701492537 0.62 0.4388059701492537 0.62 0.7065858208955224 0.41041666666666665 0.7065858208955224
3 0.2520833333333333 0.5787266791044776 0.5225000000000001 0.5787266791044776 0.5225000000000001 0.9944636194029851 0.2520833333333333 0.9944636194029851
3 0.12708333333333333 0.7317164179104478 0.38333333333333336 0.7317164179104478 0.38333333333333336 1 0.12708333333333333 1
3 0.10833333333333334 0.5171641791044777 0.2625 0.5171641791044777 0.2625 0.7975746268656716 0.10833333333333334 0.7975746268656716
3 0.18333333333333332 0.47985541044776114 0.3383333333333333 0.47985541044776114 0.3383333333333333 0.6857042910447761 0.18333333333333332 0.6857042910447761
3 0.30520833333333336 0.3623134328358209 0.525 0.3623134328358209 0.525 0.5872574626865671 0.30520833333333336 0.5872574626865671
3 0.008333333333333333 0.8324626865671643 0.0825 0.8324626865671643 0.0825 1 0.008333333333333333 1
3 0 0.7373134328358208 0.04416666666666667 0.7373134328358208 0.04416666666666667 0.9094402985074627 0 0.9094402985074627
2 0.08854166666666667 0.33992537313432836 0.16999999999999998 0.33992537313432836 0.16999999999999998 0.5842723880597015 0.08854166666666667 0.5842723880597015
2 0.1766666666666667 0.29327891791044775 0.26666666666666666 0.29327891791044775 0.26666666666666666 0.5156576492537314 0.1766666666666667 0.5156576492537314