3 0.4666666666666667 0.3529897388059702 0.6916666666666667 0.3529897388059702 0.6916666666666667 0.5723460820895523 0.4666666666666667 0.5723460820895523
3 0.4083333333333333 0.4388059701492537 0.5924999999999999 0.4388059701492537 0.5924999999999999 0.6827238805970149 0.4083333333333333 0.6827238805970149
3 0.23333333333333334 0.616044776119403 0.49333333333333335 0.616044776119403 0.49333333333333335 0.9720895522388059 0.23333333333333334 0.9720895522388059
3 0.12395833333333334 0.7018656716417911 0.39333333333333337 0.7018656716417911 0.39333333333333337 1 0.12395833333333334 1
3 0 0.6664225746268657 0.14833333333333334 0.6664225746268657 0.14833333333333334 0.8691744402985074 0 0.8691744402985074
3 0 0.862313432835821 0.04 0.862313432835821 0.04 1 0 1
3 0.1 0.5694029850746269 0.25416666666666665 0.5694029850746269 0.25416666666666665 0.7677425373134328 0.1 0.7677425373134328
1 0.1125 0.3735074626865672 0.25833333333333336 0.3735074626865672 0.25833333333333336 0.6170895522388059 0.1125 0.6170895522388059
1 0.19750000000000004 0.2839598880597015 0.31979166666666664 0.2839598880597015 0.31979166666666664 0.47986473880597014 0.19750000000000004 0.47986473880597014
2 0.1375 0.30820429104477615 0.23 0.30820429104477615 0.23 0.4858255597014926 0.1375 0.4858255597014926
2 0.21499999999999997 0.2485074626865672 0.30104166666666665 0.2485074626865672 0.30104166666666665 0.46345149253731344 0.21499999999999997 0.46345149253731344