1 0.7775000000000001 0.31007462686567167 0.975 0.31007462686567167 0.975 0.8811007462686566 0.7775000000000001 0.8811007462686566
1 0.5739583333333333 0.20559235074626864 0.7233333333333334 0.20559235074626864 0.7233333333333334 0.43213152985074627 0.5739583333333333 0.43213152985074627
3 0.4447916666666666 0.37724347014925375 0.7016666666666665 0.37724347014925375 0.7016666666666665 0.5425139925373135 0.4447916666666666 0.5425139925373135
3 0.390625 0.4276072761194031 0.6491666666666667 0.4276072761194031 0.6491666666666667 0.669295708955224 0.390625 0.669295708955224
3 0.31666666666666665 0.3828404850746268 0.4575000000000001 0.3828404850746268 0.4575000000000001 0.5395289179104478 0.31666666666666665 0.5395289179104478
3 0.21250000000000002 0.5768610074626865 0.5158333333333334 0.5768610074626865 0.5158333333333334 0.901982276119403 0.21250000000000002 0.901982276119403
3 0.10208333333333333 0.7429104477611941 0.39166666666666666 0.7429104477611941 0.39166666666666666 1 0.10208333333333333 1
3 0.08333333333333331 0.533955223880597 0.23999999999999996 0.533955223880597 0.23999999999999996 0.7916044776119403 0.08333333333333331 0.7916044776119403
3 0 0.7559654850746268 0.059166666666666666 0.7559654850746268 0.059166666666666666 0.9616464552238806 0 0.9616464552238806
2 0.2125 0.2764925373134328 0.2916666666666667 0.2764925373134328 0.2916666666666667 0.4738992537313433 0.2125 0.4738992537313433
2 0.25833333333333336 0.25596548507462685 0.33999999999999997 0.25596548507462685 0.33999999999999997 0.40229944029850745 0.25833333333333336 0.40229944029850745
2 0.3145833333333333 0.21791977611940297 0.3966666666666666 0.21791977611940297 0.3966666666666666 0.35754664179104473 0.3145833333333333 0.35754664179104473