1 0.7885416666666667 0.17948227611940298 0.8566666666666668 0.17948227611940298 0.8566666666666668 0.5708535447761195 0.7885416666666667 0.5708535447761195
1 0.525 0.22425373134328355 0.7958333333333333 0.22425373134328355 0.7958333333333333 0.5962126865671642 0.525 0.5962126865671642
1 0.45000000000000007 0.1682835820895522 0.6358333333333335 0.1682835820895522 0.6358333333333335 0.345615671641791 0.45000000000000007 0.345615671641791
1 0.415625 0.18320429104477615 0.5008333333333332 0.18320429104477615 0.5008333333333332 0.34263526119402987 0.415625 0.34263526119402987
1 0.18750000000000003 0.2503777985074627 0.3991666666666667 0.2503777985074627 0.3991666666666667 0.4500326492537313 0.18750000000000003 0.4500326492537313
1 0.1 0.36231343283582085 0.30083333333333334 0.36231343283582085 0.30083333333333334 0.5275932835820896 0.1 0.5275932835820896
1 0.32083333333333336 0.472392723880597 0.6216666666666666 0.472392723880597 0.6216666666666666 0.9885027985074627 0.32083333333333336 0.9885027985074627
1 0.11145833333333334 0.6104477611940299 0.49166666666666664 0.6104477611940299 0.49166666666666664 1 0.11145833333333334 1
3 0.5125 0.3268656716417911 0.7200000000000001 0.3268656716417911 0.7200000000000001 0.5290858208955225 0.5125 0.5290858208955225
3 0.16979166666666667 0.4667910447761194 0.29416666666666663 0.4667910447761194 0.29416666666666663 0.6558768656716418 0.16979166666666667 0.6558768656716418
3 0.309375 0.38284048507462687 0.45 0.38284048507462687 0.45 0.5141744402985076 0.309375 0.5141744402985076