2 0.12604166666666666 0.343652052238806 0.18000000000000002 0.343652052238806 0.18000000000000002 0.3993143656716418 0.12604166666666666 0.3993143656716418
2 0.047916666666666656 0.3847014925373134 0.10749999999999998 0.3847014925373134 0.10749999999999998 0.4380970149253731 0.047916666666666656 0.4380970149253731
2 0.2791666666666667 0.23544776119402988 0.3866666666666667 0.23544776119402988 0.3866666666666667 0.37843283582089554 0.2791666666666667 0.37843283582089554
1 0.3458333333333333 0.22238805970149256 0.4241666666666667 0.22238805970149256 0.4241666666666667 0.43511194029850747 0.3458333333333333 0.43511194029850747
1 0.028125 0.4294776119402985 0.18416666666666667 0.4294776119402985 0.18416666666666667 0.6707835820895522 0.028125 0.6707835820895522
1 0.11333333333333334 0.3436567164179104 0.24270833333333333 0.3436567164179104 0.24270833333333333 0.5633955223880598 0.11333333333333334 0.5633955223880598
1 0.5900000000000001 0.24291511194029852 0.9083333333333333 0.24291511194029852 0.9083333333333333 0.7498460820895523 0.5900000000000001 0.7498460820895523
1 0.5372916666666666 0.25223880597014925 0.7825000000000001 0.25223880597014925 0.7825000000000001 0.5529477611940299 0.5372916666666666 0.5529477611940299
3 0.4083333333333333 0.44067164179104473 0.5958333333333333 0.44067164179104473 0.5958333333333333 0.6827238805970149 0.4083333333333333 0.6827238805970149
3 0.2604166666666667 0.6160494402985074 0.4975 0.6160494402985074 0.4975 0.9571781716417911 0.2604166666666667 0.9571781716417911
3 0.14583333333333334 0.7074626865671643 0.38416666666666666 0.7074626865671643 0.38416666666666666 1 0.14583333333333334 1
3 0.004166666666666667 0.6720102611940298 0.14916666666666664 0.6720102611940298 0.14916666666666664 0.8482882462686567 0.004166666666666667 0.8482882462686567