2 0.15416666666666667 0.2988805970149254 0.25083333333333335 0.2988805970149254 0.25083333333333335 0.4425746268656716 0.15416666666666667 0.4425746268656716
2 0.31666666666666665 0.21306436567164183 0.39249999999999996 0.21306436567164183 0.39249999999999996 0.3351819029850746 0.31666666666666665 0.3351819029850746
0 0.7208333333333333 0.29514925373134326 0.9891666666666665 0.29514925373134326 0.9891666666666665 0.7065858208955224 0.7208333333333333 0.7065858208955224
1 0.2479166666666667 0.27835354477611945 0.4241666666666667 0.27835354477611945 0.4241666666666667 0.4574860074626866 0.2479166666666667 0.4574860074626866
3 0.5260416666666666 0.31754197761194025 0.7091666666666666 0.31754197761194025 0.7091666666666666 0.4843423507462687 0.5260416666666666 0.4843423507462687
3 0.45208333333333334 0.36790578358208953 0.7133333333333333 0.36790578358208953 0.7133333333333333 0.5454897388059702 0.45208333333333334 0.5454897388059702
3 0.40520833333333334 0.4593283582089552 0.6458333333333334 0.4593283582089552 0.6458333333333334 0.672276119402985 0.40520833333333334 0.672276119402985
3 0.10833333333333332 0.7429104477611941 0.35666666666666663 0.7429104477611941 0.35666666666666663 1 0.10833333333333332 1
3 0.09583333333333334 0.571268656716418 0.2341666666666667 0.571268656716418 0.2341666666666667 0.7110634328358209 0.09583333333333334 0.7110634328358209
3 0.046875 0.6608162313432837 0.15666666666666668 0.6608162313432837 0.15666666666666668 0.8766277985074626 0.046875 0.8766277985074626
3 0 0.7093283582089552 0.035 0.7093283582089552 0.035 0.9169029850746269 0 0.9169029850746269
3 0.21354166666666663 0.41268190298507457 0.40083333333333326 0.41268190298507457 0.40083333333333326 0.6051539179104477 0.21354166666666663 0.6051539179104477