3 0.47187499999999993 0.3623087686567164 0.7016666666666665 0.3623087686567164 0.7016666666666665 0.5768143656716418 0.47187499999999993 0.5768143656716418
3 0.39791666666666664 0.45932835820895523 0.6091666666666666 0.45932835820895523 0.6091666666666666 0.681231343283582 0.39791666666666664 0.681231343283582
3 0.25937499999999997 0.5619402985074627 0.5466666666666666 0.5619402985074627 0.5466666666666666 0.9676119402985074 0.25937499999999997 0.9676119402985074
3 0.10416666666666664 0.6589552238805971 0.4466666666666666 0.6589552238805971 0.4466666666666666 1 0.10416666666666664 1
3 0.0010416666666666667 0.8957136194029851 0.08416666666666667 0.8957136194029851 0.08416666666666667 0.9980923507462686 0.0010416666666666667 0.9980923507462686
3 0.17708333333333334 0.4889925373134329 0.3333333333333333 0.4889925373134329 0.3333333333333333 0.6967910447761194 0.17708333333333334 0.6967910447761194
3 0.3333333333333333 0.3397388059701492 0.48166666666666663 0.3397388059701492 0.48166666666666663 0.541660447761194 0.3333333333333333 0.541660447761194
1 0.171875 0.3434701492537313 0.35500000000000004 0.3434701492537313 0.35500000000000004 0.5968470149253731 0.171875 0.5968470149253731
1 0.044791666666666674 0.41623134328358213 0.14250000000000002 0.41623134328358213 0.14250000000000002 0.7236380597014925 0.044791666666666674 0.7236380597014925
1 0.30499999999999994 0.24085820895522392 0.3770833333333333 0.24085820895522392 0.3770833333333333 0.4506716417910448 0.30499999999999994 0.4506716417910448
2 0.23854166666666668 0.24271921641791044 0.3525 0.24271921641791044 0.3525 0.4103964552238806 0.23854166666666668 0.4103964552238806