1 0.5833333333333334 0.2186613805970149 0.7658333333333334 0.2186613805970149 0.7658333333333334 0.5380363805970149 0.5833333333333334 0.5380363805970149
1 0.11666666666666667 0.3585774253731343 0.28833333333333333 0.3585774253731343 0.28833333333333333 0.6066464552238806 0.11666666666666667 0.6066464552238806
2 0.225 0.2671595149253731 0.30666666666666664 0.2671595149253731 0.30666666666666664 0.4306389925373134 0.225 0.4306389925373134
2 0.14270833333333333 0.304472947761194 0.23833333333333334 0.304472947761194 0.23833333333333334 0.4559934701492538 0.14270833333333333 0.4559934701492538
3 0.478125 0.32686100746268654 0.6883333333333332 0.32686100746268654 0.6883333333333332 0.5812919776119403 0.478125 0.5812919776119403
3 0.4270833333333333 0.47425373134328364 0.6125 0.47425373134328364 0.6125 0.7080783582089553 0.4270833333333333 0.7080783582089553
3 0.28125 0.6253777985074627 0.49 0.6253777985074627 0.49 0.9527005597014926 0.28125 0.9527005597014926
3 0.053125 0.782089552238806 0.3766666666666667 0.782089552238806 0.3766666666666667 1 0.053125 1
3 0.07499999999999998 0.5861940298507462 0.25666666666666665 0.5861940298507462 0.25666666666666665 0.7647574626865672 0.07499999999999998 0.7647574626865672
3 0.00625 0.6720149253731343 0.1625 0.6720149253731343 0.1625 0.8303917910447761 0.00625 0.8303917910447761
3 0 0.8511194029850747 0.05083333333333333 0.8511194029850747 0.05083333333333333 1 0 1