1 0.6260416666666667 0.1421641791044776 0.8366666666666667 0.1421641791044776 0.8366666666666667 0.4157276119402985 0.6260416666666667 0.4157276119402985
1 0.4322916666666667 0.31567164179104473 0.6708333333333333 0.31567164179104473 0.6708333333333333 0.7364179104477612 0.4322916666666667 0.7364179104477612
3 0.24583333333333332 0.5694076492537313 0.4891666666666667 0.5694076492537313 0.4891666666666667 0.9541930970149254 0.24583333333333332 0.9541930970149254
3 0.55 0.29701026119402985 0.7441666666666668 0.29701026119402985 0.7441666666666668 0.4888106343283582 0.55 0.4888106343283582
3 0.48541666666666666 0.3977611940298507 0.6658333333333334 0.3977611940298507 0.6658333333333334 0.5917350746268657 0.48541666666666666 0.5917350746268657
3 0.30416666666666664 0.3921641791044776 0.4475 0.3921641791044776 0.4475 0.5261007462686568 0.30416666666666664 0.5261007462686568
3 0.090625 0.5600699626865672 0.22 0.5600699626865672 0.22 0.752821828358209 0.090625 0.752821828358209
3 0 0.7354430970149255 0.04416666666666667 0.7354430970149255 0.04416666666666667 0.9631389925373135 0 0.9631389925373135
2 0.0125 0.4182835820895523 0.09083333333333334 0.4182835820895523 0.09083333333333334 0.6513992537313433 0.0125 0.6513992537313433
2 0.18125 0.2970149253731343 0.25833333333333336 0.2970149253731343 0.25833333333333336 0.47539179104477614 0.18125 0.47539179104477614
2 0.24166666666666667 0.25596548507462685 0.33916666666666667 0.25596548507462685 0.33916666666666667 0.4306389925373134 0.24166666666666667 0.4306389925373134
2 0.12916666666666668 0.3548460820895522 0.20500000000000002 0.3548460820895522 0.20500000000000002 0.5514598880597015 0.12916666666666668 0.5514598880597015