2 0.2916666666666667 0.22985074626865676 0.39166666666666666 0.22985074626865676 0.39166666666666666 0.3500932835820896 0.2916666666666667 0.3500932835820896
2 0.22708333333333333 0.282089552238806 0.28833333333333333 0.282089552238806 0.28833333333333333 0.46345149253731344 0.22708333333333333 0.46345149253731344
1 0.28020833333333334 0.2503777985074627 0.3866666666666667 0.2503777985074627 0.3866666666666667 0.47837220149253734 0.28020833333333334 0.47837220149253734
0 0.7177083333333333 0.2746268656716418 0.9775000000000001 0.2746268656716418 0.9775000000000001 0.7110634328358209 0.7177083333333333 0.7110634328358209
3 0.5375 0.3138013059701492 0.7191666666666667 0.3138013059701492 0.7191666666666667 0.48731809701492534 0.5375 0.48731809701492534
3 0.4427083333333333 0.3641791044776119 0.7258333333333333 0.3641791044776119 0.7258333333333333 0.58875 0.4427083333333333 0.58875
3 0.37604166666666666 0.4406669776119403 0.6366666666666667 0.4406669776119403 0.6366666666666667 0.6931576492537314 0.37604166666666666 0.6931576492537314
3 0.07916666666666666 0.7205223880597016 0.44333333333333336 0.7205223880597016 0.44333333333333336 1 0.07916666666666666 1
3 0.07604166666666669 0.5712733208955224 0.21000000000000002 0.5712733208955224 0.21000000000000002 0.7498460820895523 0.07604166666666669 0.7498460820895523
3 0 0.6402985074626867 0.1225 0.6402985074626867 0.1225 0.8274067164179104 0 0.8274067164179104
3 0 0.7783535447761194 0.06166666666666667 0.7783535447761194 0.06166666666666667 0.9347994402985075 0 0.9347994402985075
3 0.2052083333333333 0.38097014925373135 0.42166666666666663 0.38097014925373135 0.42166666666666663 0.6230597014925373 0.2052083333333333 0.6230597014925373