2 0.221875 0.26529384328358213 0.295 0.26529384328358213 0.295 0.4858255597014926 0.221875 0.4858255597014926
2 0 0.44812966417910444 0.0525 0.44812966417910444 0.0525 0.7543143656716418 0 0.7543143656716418
3 0.11666666666666667 0.5358162313432836 0.24166666666666667 0.5358162313432836 0.24166666666666667 0.7543143656716418 0.11666666666666667 0.7543143656716418
3 0.12083333333333333 0.7578358208955225 0.3575 0.7578358208955225 0.3575 1 0.12083333333333333 1
3 0.4 0.44067164179104473 0.6033333333333334 0.44067164179104473 0.6033333333333334 0.6880970149253731 0.4 0.6880970149253731
3 0.46041666666666664 0.33993003731343285 0.6583333333333333 0.33993003731343285 0.6583333333333333 0.5493796641791046 0.46041666666666664 0.5493796641791046
3 0.5333333333333333 0.32686100746268654 0.7083333333333334 0.32686100746268654 0.7083333333333334 0.46584421641791046 0.5333333333333333 0.46584421641791046
3 0.32916666666666666 0.37723880597014925 0.5116666666666667 0.37723880597014925 0.5116666666666667 0.512089552238806 0.32916666666666666 0.512089552238806
1 0.275 0.45560167910447763 0.545 0.45560167910447763 0.545 0.9908908582089554 0.275 0.9908908582089554
1 0.5791666666666667 0.3417910447761193 0.88125 0.3417910447761193 0.88125 0.8626119402985075 0.5791666666666667 0.8626119402985075
1 0.40520833333333334 0.16455223880597017 0.5141666666666667 0.16455223880597017 0.5141666666666667 0.35546641791044775 0.40520833333333334 0.35546641791044775
2 0.26249999999999996 0.2466417910447761 0.37166666666666665 0.2466417910447761 0.37166666666666665 0.38828358208955227 0.26249999999999996 0.38828358208955227