0 0.8614583333333333 0.20187033582089556 0.9849999999999999 0.20187033582089556 0.9849999999999999 0.6021781716417911 0.8614583333333333 0.6021781716417911
2 0.20833333333333334 0.2690251865671642 0.2825 0.2690251865671642 0.2825 0.4276539179104478 0.20833333333333334 0.4276539179104478
2 0.2604166666666667 0.22611940298507463 0.34750000000000003 0.22611940298507463 0.34750000000000003 0.3545708955223881 0.2604166666666667 0.3545708955223881
2 0 0.5302238805970149 0.022500000000000003 0.5302238805970149 0.022500000000000003 0.7438805970149254 0 0.7438805970149254
3 0.10208333333333333 0.5488805970149253 0.22916666666666666 0.5488805970149253 0.22916666666666666 0.7394029850746269 0.10208333333333333 0.7394029850746269
3 0.10416666666666667 0.7895522388059703 0.38083333333333336 0.7895522388059703 0.38083333333333336 1 0.10416666666666667 1
3 0.3875 0.4444076492537314 0.6533333333333334 0.4444076492537314 0.6533333333333334 0.6886893656716419 0.3875 0.6886893656716419
3 0.453125 0.36231343283582085 0.6991666666666667 0.36231343283582085 0.6991666666666667 0.5619029850746269 0.453125 0.5619029850746269
3 0.5135416666666667 0.3119402985074627 0.7408333333333333 0.3119402985074627 0.7408333333333333 0.4664365671641791 0.5135416666666667 0.4664365671641791
3 0.3145833333333333 0.3772434701492537 0.44249999999999995 0.3772434701492537 0.44249999999999995 0.5126819029850747 0.3145833333333333 0.5126819029850747
1 0.3854166666666667 0.17574160447761192 0.5316666666666666 0.17574160447761192 0.5316666666666666 0.3381576492537313 0.3854166666666667 0.3381576492537313
1 0.25312500000000004 0.4593283582089552 0.5533333333333333 0.4593283582089552 0.5533333333333333 0.9691044776119404 0.25312500000000004 0.9691044776119404