1 0.13020833333333334 0.4126819029850746 0.29750000000000004 0.4126819029850746 0.29750000000000004 0.6111240671641791 0.13020833333333334 0.6111240671641791
1 0.009375 0.7634328358208956 0.16083333333333333 0.7634328358208956 0.16083333333333333 1 0.009375 1
3 0.1125 0.6811567164179105 0.36666666666666664 0.6811567164179105 0.36666666666666664 1 0.1125 1
3 0.2625 0.5673507462686567 0.49500000000000005 0.5673507462686567 0.49500000000000005 0.9647014925373133 0.2625 0.9647014925373133
3 0.39375 0.4236893656716418 0.6041666666666666 0.4236893656716418 0.6041666666666666 0.6887546641791045 0.39375 0.6887546641791045
3 0.47708333333333336 0.36959421641791046 0.6966666666666667 0.36959421641791046 0.6966666666666667 0.5679430970149254 0.47708333333333336 0.5679430970149254
3 0.5322916666666667 0.31007462686567167 0.7291666666666666 0.31007462686567167 0.7291666666666666 0.4739179104477612 0.5322916666666667 0.4739179104477612
3 0.31979166666666664 0.3772434701492537 0.48333333333333334 0.3772434701492537 0.48333333333333334 0.49182369402985077 0.31979166666666664 0.49182369402985077
3 0.07499999999999998 0.5917957089552238 0.25666666666666665 0.5917957089552238 0.25666666666666665 0.7573274253731344 0.07499999999999998 0.7573274253731344
2 0.052083333333333336 0.3772388059701493 0.13166666666666668 0.3772388059701493 0.13166666666666668 0.5663992537313434 0.052083333333333336 0.5663992537313434
2 0.128125 0.29887593283582087 0.25666666666666665 0.29887593283582087 0.25666666666666665 0.4679524253731343 0.128125 0.4679524253731343