0 0.7677083333333333 0.29701026119402985 1 0.29701026119402985 1 0.6976352611940299 0.7677083333333333 0.6976352611940299
1 0.05041666666666667 0.5641791044776119 0.48500000000000004 0.5641791044776119 0.48500000000000004 0.9985074626865672 0.05041666666666667 0.9985074626865672
3 0.5322916666666667 0.3138059701492537 0.7275000000000001 0.3138059701492537 0.7275000000000001 0.4835820895522388 0.5322916666666667 0.4835820895522388
3 0.49270833333333325 0.36604944029850744 0.6891666666666666 0.36604944029850744 0.6891666666666666 0.5507042910447761 0.49270833333333325 0.5507042910447761
3 0.39895833333333336 0.43321361940298503 0.6091666666666666 0.43321361940298503 0.6091666666666666 0.701357276119403 0.39895833333333336 0.701357276119403
3 0.325 0.35111473880597016 0.49500000000000005 0.35111473880597016 0.49500000000000005 0.5029710820895523 0.325 0.5029710820895523
3 0.2583333333333333 0.5488759328358209 0.49249999999999994 0.5488759328358209 0.49249999999999994 0.8863106343283582 0.2583333333333333 0.8863106343283582
2 0.05520833333333334 0.37536847014925373 0.12166666666666667 0.37536847014925373 0.12166666666666667 0.5566651119402986 0.05520833333333334 0.5566651119402986
2 0.13020833333333334 0.32499999999999996 0.21583333333333332 0.32499999999999996 0.21583333333333332 0.4865671641791045 0.13020833333333334 0.4865671641791045
2 0.21875 0.26903451492537317 0.31166666666666665 0.26903451492537317 0.31166666666666665 0.4328684701492538 0.21875 0.4328684701492538
3 0.0020833333333333333 0.7373180970149253 0.036041666666666666 0.7373180970149253 0.036041666666666666 0.9311520522388059 0.0020833333333333333 0.9311520522388059