1 0.8083333333333333 0.25037313432835817 0.9558333333333332 0.25037313432835817 0.9558333333333332 0.7140485074626864 0.8083333333333333 0.7140485074626864
1 0.475 0.22424906716417908 0.7841666666666666 0.22424906716417908 0.7841666666666666 0.6096315298507462 0.475 0.6096315298507462
1 0.3 0.4555970149253732 0.5966666666666666 0.4555970149253732 0.5966666666666666 1 0.3 1
1 0.07708333333333331 0.6216417910447762 0.49249999999999994 0.6216417910447762 0.49249999999999994 1 0.07708333333333331 1
1 0.20666666666666664 0.29130130597014925 0.36354166666666665 0.29130130597014925 0.36354166666666665 0.4985680970149254 0.20666666666666664 0.4985680970149254
1 0 0.48533582089552235 0.11875 0.48533582089552235 0.11875 0.692481343283582 0 0.692481343283582
2 0.15625 0.30250000000000005 0.22 0.30250000000000005 0.22 0.5075186567164179 0.15625 0.5075186567164179
3 0.16979166666666667 0.49291511194029847 0.315 0.49291511194029847 0.315 0.6924766791044776 0.16979166666666667 0.6924766791044776
3 0.296875 0.37350279850746265 0.49666666666666665 0.37350279850746265 0.49666666666666665 0.549277052238806 0.296875 0.549277052238806
3 0.3927083333333333 0.17761660447761193 0.5683333333333334 0.17761660447761193 0.5683333333333334 0.36880130597014926 0.3927083333333333 0.36880130597014926
3 0.49666666666666665 0.3809748134328358 0.7010416666666667 0.3809748134328358 0.7010416666666667 0.5418236940298508 0.49666666666666665 0.5418236940298508
3 0.4510416666666667 0.4798507462686567 0.6383333333333333 0.4798507462686567 0.6383333333333333 0.6522014925373134 0.4510416666666667 0.6522014925373134