3 0.47500000000000003 0.3641791044776119 0.6858333333333334 0.3641791044776119 0.6858333333333334 0.5633955223880598 0.47500000000000003 0.5633955223880598
3 0.4041666666666667 0.44440298507462683 0.6024999999999999 0.44440298507462683 0.6024999999999999 0.6782462686567164 0.4041666666666667 0.6782462686567164
3 0.2375 0.6085867537313433 0.4975 0.6085867537313433 0.4975 0.9527005597014926 0.2375 0.9527005597014926
3 0.11979166666666667 0.7429104477611941 0.3825 0.7429104477611941 0.3825 1 0.11979166666666667 1
3 0 0.658955223880597 0.1375 0.658955223880597 0.1375 0.8602238805970149 0 0.8602238805970149
3 0.06499999999999999 0.552607276119403 0.25729166666666664 0.552607276119403 0.25729166666666664 0.7587919776119403 0.06499999999999999 0.7587919776119403
1 0.15833333333333333 0.3623134328358209 0.24583333333333332 0.3623134328358209 0.24583333333333332 0.5947201492537313 0.15833333333333333 0.5947201492537313
1 0.09666666666666668 0.28768656716417906 0.23020833333333332 0.28768656716417906 0.23020833333333332 0.5962126865671642 0.09666666666666668 0.5962126865671642
2 0.184375 0.28208955223880594 0.28500000000000003 0.28208955223880594 0.28500000000000003 0.46792910447761193 0.184375 0.46792910447761193
2 0.2541666666666667 0.2354430970149254 0.35750000000000004 0.2354430970149254 0.35750000000000004 0.3993143656716418 0.2541666666666667 0.3993143656716418
2 0.32083333333333336 0.22425839552238808 0.4033333333333334 0.22425839552238808 0.4033333333333334 0.3635214552238806 0.32083333333333336 0.3635214552238806
1 0.3958333333333333 0.1738852611940299 0.5683333333333334 0.1738852611940299 0.5683333333333334 0.3650139925373134 0.3958333333333333 0.3650139925373134