3 0.17395833333333333 0.5022341417910448 0.3025 0.5022341417910448 0.3025 0.6663106343283582 0.17395833333333333 0.6663106343283582
3 0.3333333333333333 0.3791091417910448 0.4616666666666667 0.3791091417910448 0.4616666666666667 0.5082042910447762 0.3333333333333333 0.5082042910447762
3 0.553125 0.37723414179104475 0.7183333333333333 0.37723414179104475 0.7183333333333333 0.5186427238805971 0.553125 0.5186427238805971
1 0.08333333333333333 0.39216417910447765 0.27166666666666667 0.39216417910447765 0.27166666666666667 0.5648880597014926 0.08333333333333333 0.5648880597014926
1 0.06354166666666666 0.5526119402985076 0.42250000000000004 0.5526119402985076 0.42250000000000004 1 0.06354166666666666 1
1 0.290625 0.45933302238805973 0.6225 0.45933302238805973 0.6225 0.9825326492537314 0.290625 0.9825326492537314
1 0.5197916666666667 0.220517723880597 0.795 0.220517723880597 0.795 0.5783069029850747 0.5197916666666667 0.5783069029850747
1 0.6395833333333333 0.1552238805970149 0.8308333333333332 0.1552238805970149 0.8308333333333332 0.4738992537313433 0.6395833333333333 0.4738992537313433
1 0.19083333333333333 0.2708908582089552 0.3260416666666667 0.2708908582089552 0.3260416666666667 0.4619636194029851 0.19083333333333333 0.4619636194029851
2 0.17395833333333333 0.30074160447761195 0.245 0.30074160447761195 0.245 0.4589785447761194 0.17395833333333333 0.4589785447761194
1 0.39166666666666666 0.17201492537313434 0.5216666666666666 0.17201492537313434 0.5216666666666666 0.3262313432835821 0.39166666666666666 0.3262313432835821