3 0.525 0.3100746268656716 0.7358333333333335 0.3100746268656716 0.7358333333333335 0.4738992537313433 0.525 0.4738992537313433
3 0.4791666666666667 0.3697761194029851 0.6883333333333332 0.3697761194029851 0.6883333333333332 0.5574253731343284 0.4791666666666667 0.5574253731343284
3 0.4 0.4443983208955224 0.6091666666666666 0.4443983208955224 0.6091666666666666 0.667803171641791 0.4 0.667803171641791
3 0.25625 0.5638106343283582 0.49 0.5638106343283582 0.49 0.9541930970149254 0.25625 0.9541930970149254
3 0.125 0.7000000000000001 0.3908333333333333 0.7000000000000001 0.3908333333333333 1 0.125 1
1 0.00625 0.7501865671641792 0.165 0.7501865671641792 0.165 1 0.00625 1
2 0.06666666666666667 0.38470149253731345 0.13916666666666666 0.38470149253731345 0.13916666666666666 0.573973880597015 0.06666666666666667 0.573973880597015
2 0.2322916666666667 0.24850746268656715 0.32833333333333337 0.24850746268656715 0.32833333333333337 0.4277985074626866 0.2322916666666667 0.4277985074626866
3 0.32916666666666666 0.33992070895522386 0.48166666666666663 0.33992070895522386 0.48166666666666663 0.5068516791044776 0.32916666666666666 0.5068516791044776
3 0.171875 0.47425839552238813 0.3175 0.47425839552238813 0.3175 0.6142490671641792 0.171875 0.6142490671641792
3 0.09166666666666665 0.5582136194029851 0.21916666666666665 0.5582136194029851 0.21916666666666665 0.7320848880597015 0.09166666666666665 0.7320848880597015