1 0.8229166666666666 0.14589552238805967 0.9091666666666666 0.14589552238805967 0.9091666666666666 0.4962686567164179 0.8229166666666666 0.4962686567164179
1 0.4666666666666667 0.15522854477611941 0.5841666666666666 0.15522854477611941 0.5841666666666666 0.3336893656716418 0.4666666666666667 0.3336893656716418
1 0.32395833333333335 0.18881063432835818 0.4575000000000001 0.18881063432835818 0.4575000000000001 0.3605363805970149 0.32395833333333335 0.3605363805970149
2 0.22083333333333333 0.2746222014925373 0.2841666666666667 0.2746222014925373 0.2841666666666667 0.4589785447761194 0.22083333333333333 0.4589785447761194
2 0.275 0.22985074626865673 0.34750000000000003 0.22985074626865673 0.34750000000000003 0.4052798507462687 0.275 0.4052798507462687
3 0.4708333333333333 0.38470149253731345 0.6991666666666667 0.38470149253731345 0.6991666666666667 0.5648880597014926 0.4708333333333333 0.5648880597014926
3 0.38333333333333336 0.44440298507462683 0.63 0.44440298507462683 0.63 0.6752611940298507 0.38333333333333336 0.6752611940298507
3 0.315625 0.36418376865671637 0.46416666666666667 0.36418376865671637 0.46416666666666667 0.509696828358209 0.315625 0.509696828358209
1 0.225 0.5078358208955225 0.5025 0.5078358208955225 0.5025 1 0.225 1
3 0.11145833333333334 0.576865671641791 0.21583333333333332 0.576865671641791 0.21583333333333332 0.7722201492537314 0.11145833333333334 0.7722201492537314
3 0.07916666666666666 0.6794776119402985 0.3725 0.6794776119402985 0.3725 1 0.07916666666666666 1