2 0.21770833333333334 0.26343283582089555 0.28500000000000003 0.26343283582089555 0.28500000000000003 0.4366044776119403 0.21770833333333334 0.4366044776119403
2 0.26666666666666666 0.23544309701492536 0.325 0.23544309701492536 0.325 0.39632929104477616 0.26666666666666666 0.39632929104477616
2 0.309375 0.2130597014925373 0.3966666666666666 0.2130597014925373 0.3966666666666666 0.34710820895522393 0.309375 0.34710820895522393
1 0.5552083333333333 0.21492537313432833 0.7608333333333335 0.21492537313432833 0.7608333333333335 0.5022388059701492 0.5552083333333333 0.5022388059701492
0 0.8291666666666667 0.21866138059701493 1 0.21866138059701493 1 0.6618423507462686 0.8291666666666667 0.6618423507462686
3 0.46145833333333336 0.3548507462686567 0.6950000000000001 0.3548507462686567 0.6950000000000001 0.5589179104477612 0.46145833333333336 0.5589179104477612
3 0.3927083333333333 0.4369402985074627 0.6391666666666667 0.4369402985074627 0.6391666666666667 0.672276119402985 0.3927083333333333 0.672276119402985
3 0.23125 0.5787360074626865 0.4875 0.5787360074626865 0.4875 0.8945289179104478 0.23125 0.8945289179104478
3 0.10729166666666666 0.7522388059701494 0.3458333333333333 0.7522388059701494 0.3458333333333333 1 0.10729166666666666 1
3 0.10833333333333334 0.5712733208955224 0.22166666666666668 0.5712733208955224 0.22166666666666668 0.7453684701492538 0.10833333333333334 0.7453684701492538
3 0 0.7279850746268657 0.045000000000000005 0.7279850746268657 0.045000000000000005 0.9213805970149253 0 0.9213805970149253
3 0.3 0.3585820895522388 0.4658333333333334 0.3585820895522388 0.4658333333333334 0.505223880597015 0.3 0.505223880597015