1 0.7604166666666666 0.21305970149253728 0.9383333333333332 0.21305970149253728 0.9383333333333332 0.7125559701492538 0.7604166666666666 0.7125559701492538
1 0.5645833333333333 0.1421641791044776 0.7766666666666666 0.1421641791044776 0.7766666666666666 0.37992537313432834 0.5645833333333333 0.37992537313432834
1 0.3572916666666667 0.18507462686567167 0.52 0.18507462686567167 0.52 0.3500932835820896 0.3572916666666667 0.3500932835820896
2 0.21666666666666667 0.2541044776119403 0.2916666666666667 0.2541044776119403 0.2916666666666667 0.4425746268656716 0.21666666666666667 0.4425746268656716
3 0.5302083333333334 0.31940298507462683 0.7108333333333334 0.31940298507462683 0.7108333333333334 0.47539179104477614 0.5302083333333334 0.47539179104477614
3 0.4427083333333333 0.3660494402985075 0.7 0.3660494402985075 0.7 0.5723460820895523 0.4427083333333333 0.5723460820895523
3 0.4010416666666667 0.4276119402985075 0.6491666666666667 0.4276119402985075 0.6491666666666667 0.6767537313432836 0.4010416666666667 0.6767537313432836
3 0.21354166666666669 0.6440251865671641 0.5033333333333334 0.6440251865671641 0.5033333333333334 0.901982276119403 0.21354166666666669 0.901982276119403
3 0.11666666666666667 0.698134328358209 0.38 0.698134328358209 0.38 1 0.11666666666666667 1
3 0.09791666666666665 0.5638059701492537 0.24416666666666664 0.5638059701492537 0.24416666666666664 0.7722201492537314 0.09791666666666665 0.7722201492537314
3 0.0010416666666666667 0.5936567164179105 0.18333333333333332 0.5936567164179105 0.18333333333333332 0.8199440298507463 0.0010416666666666667 0.8199440298507463
3 0 0.7895569029850746 0.08916666666666666 0.7895569029850746 0.08916666666666666 0.9541930970149254 0 0.9541930970149254