1 0.43854166666666666 0.16455223880597014 0.63 0.16455223880597014 0.63 0.3232462686567164 0.43854166666666666 0.3232462686567164
2 0.29375 0.22798041044776118 0.36916666666666664 0.22798041044776118 0.36916666666666664 0.37246735074626863 0.29375 0.37246735074626863
2 0.19583333333333333 0.2559748134328358 0.3233333333333333 0.2559748134328358 0.3233333333333333 0.4187080223880597 0.19583333333333333 0.4187080223880597
2 0.0125 0.44626865671641797 0.08083333333333333 0.44626865671641797 0.08083333333333333 0.6245522388059701 0.0125 0.6245522388059701
2 0 0.46119402985074626 0.034166666666666665 0.46119402985074626 0.034166666666666665 0.7095708955223881 0 0.7095708955223881
3 0.10208333333333332 0.5619402985074627 0.21916666666666665 0.5619402985074627 0.21916666666666665 0.7602798507462687 0.10208333333333332 0.7602798507462687
3 0.240625 0.5936567164179105 0.4983333333333333 0.5936567164179105 0.4983333333333333 0.9183955223880597 0.240625 0.9183955223880597
3 0.05520833333333333 0.6757462686567165 0.3541666666666667 0.6757462686567165 0.3541666666666667 1 0.05520833333333333 1
3 0.38229166666666664 0.4444076492537314 0.6333333333333333 0.4444076492537314 0.6333333333333333 0.7185214552238807 0.38229166666666664 0.7185214552238807
3 0.5 0.3585820895522388 0.6991666666666667 0.3585820895522388 0.6991666666666667 0.560410447761194 0.5 0.560410447761194
3 0.5229166666666667 0.3231389925373135 0.7091666666666666 0.3231389925373135 0.7091666666666666 0.47986473880597014 0.5229166666666667 0.47986473880597014
3 0.31666666666666665 0.3772388059701493 0.47250000000000003 0.3772388059701493 0.47250000000000003 0.4724067164179105 0.31666666666666665 0.4724067164179105