2 0.2791666666666667 0.20746268656716418 0.39333333333333337 0.20746268656716418 0.39333333333333337 0.4052798507462687 0.2791666666666667 0.4052798507462687
2 0.009375 0.4220195895522389 0.09333333333333332 0.4220195895522389 0.09333333333333332 0.6618423507462686 0.009375 0.6618423507462686
2 0.27395833333333336 0.4742537313432836 0.5091666666666667 0.4742537313432836 0.5091666666666667 0.9497201492537314 0.27395833333333336 0.9497201492537314
3 0.47604166666666664 0.3399300373134328 0.7033333333333334 0.3399300373134328 0.7033333333333334 0.5678684701492537 0.47604166666666664 0.5678684701492537
3 0.4083333333333333 0.4444029850746269 0.6066666666666667 0.4444029850746269 0.6066666666666667 0.681231343283582 0.4083333333333333 0.681231343283582
3 0.1125 0.7298507462686568 0.37916666666666665 0.7298507462686568 0.37916666666666665 1 0.1125 1
3 0 0.8657835820895521 0.065 0.8657835820895521 0.065 1 0 1
3 0.0020833333333333333 0.7016044776119403 0.13833333333333334 0.7016044776119403 0.13833333333333334 0.8624626865671642 0.0020833333333333333 0.8624626865671642
3 0.06916666666666665 0.6101865671641791 0.253125 0.6101865671641791 0.253125 0.7550746268656716 0.06916666666666665 0.7550746268656716
3 0.16354166666666667 0.4982462686567164 0.29583333333333334 0.4982462686567164 0.29583333333333334 0.6267910447761194 0.16354166666666667 0.6267910447761194
3 0.29 0.33245802238805966 0.4625 0.33245802238805966 0.4625 0.47455690298507464 0.29 0.47455690298507464