1 0.5166666666666667 0.12723880597014922 0.6983333333333335 0.12723880597014922 0.6983333333333335 0.345615671641791 0.5166666666666667 0.345615671641791
1 0.4052083333333334 0.3100699626865672 0.6983333333333335 0.3100699626865672 0.6983333333333335 0.7229897388059702 0.4052083333333334 0.7229897388059702
1 0.23229166666666667 0.29514458955223877 0.28583333333333333 0.29514458955223877 0.28583333333333333 0.4619636194029851 0.23229166666666667 0.4619636194029851
2 0.22708333333333336 0.25036847014925373 0.3366666666666667 0.25036847014925373 0.3366666666666667 0.43213152985074627 0.22708333333333336 0.43213152985074627
2 0.12916666666666668 0.3399207089552239 0.20833333333333334 0.3399207089552239 0.20833333333333334 0.5216277985074628 0.12916666666666668 0.5216277985074628
2 0.016666666666666666 0.42948227611940304 0.09416666666666668 0.42948227611940304 0.09416666666666668 0.5977005597014925 0.016666666666666666 0.5977005597014925
3 0.09583333333333334 0.571268656716418 0.22 0.571268656716418 0.22 0.737910447761194 0.09583333333333334 0.737910447761194
3 0.008333333333333335 0.722392723880597 0.04083333333333334 0.722392723880597 0.04083333333333334 0.9556856343283583 0.008333333333333335 0.9556856343283583
3 0.29583333333333334 0.3884375 0.4241666666666667 0.3884375 0.4241666666666667 0.5410214552238806 0.29583333333333334 0.5410214552238806
3 0.5989583333333334 0.32873600746268655 0.7316666666666668 0.32873600746268655 0.7316666666666668 0.481357276119403 0.5989583333333334 0.481357276119403
3 0.5093749999999999 0.44067630597014923 0.6849999999999999 0.44067630597014923 0.6849999999999999 0.6006856343283582 0.5093749999999999 0.6006856343283582